40
8
3
8
2
8
3
8
1
15
1
15
1
15
1
15
3
15
5
0.00 0.00
0.00 4.00
-7.00 6.00
-8.00 4.00
-8.00 3.00
4
0.00 0.00
-8.00 3.00
-9.00 2.00
-8.00 1.00
3
-7.00 -1.00
0.00 0.00
-8.00 1.00
4
0.00 0.00
0.00 2.00
-1.00 3.00
-5.00 2.00
8
-11.00 -3.00
0.00 -3.00
1.00 -1.00
0.00 0.00
-5.00 2.00
-8.00 3.00
-11.00 2.00
-12.00 0.00
3
0.00 0.00
0.00 -1.00
2.00 0.00
5
5.00 0.00
8.00 -1.00
9.00 4.00
8.00 8.00
4.00 7.00
6
-3.00 0.00
0.00 0.00
2.00 0.00
5.00 0.00
4.00 7.00
-3.00 7.00
5
0.00 0.00
4.00 0.00
4.00 2.00
3.00 3.00
0.00 3.00
4
0.00 0.00
8.00 0.00
7.00 1.00
1.00 1.00
4
0.00 0.00
4.00 0.00
4.00 1.00
0.00 1.00
4
0.00 0.00
3.00 0.00
3.00 1.00
0.00 1.00
4
0.00 0.00
0.00 2.00
-2.00 2.00
-4.00 1.00
4
-8.00 0.00
0.00 0.00
-4.00 1.00
-5.00 1.00
4
-8.00 0.00
-5.00 1.00
-6.00 2.00
-9.00 2.00
