60
10
2
3
3
3
1
3
1
3
1
3
1
3
1
3
5
3
1
3
1
3
4
0.00 0.00
5.00 -5.00
8.00 -2.00
3.00 3.00
6
-7.00 3.00
-6.00 2.00
0.00 0.00
3.00 3.00
4.00 4.00
-6.00 4.00
5
0.00 0.00
0.00 -1.00
4.00 -1.00
4.00 1.00
0.00 11.00
4
-1.00 0.00
0.00 0.00
0.00 11.00
-3.00 11.00
4
-5.00 -1.00
-1.00 -1.00
-1.00 0.00
-3.00 11.00
8
0.00 0.00
-2.00 -6.00
-2.00 -18.00
0.00 -24.00
7.00 -24.00
9.00 -18.00
9.00 -6.00
7.00 0.00
4
0.00 0.00
0.00 -15.00
14.00 -15.00
14.00 0.00
4
0.00 0.00
9.00 0.00
7.00 5.00
2.00 5.00
7
0.00 0.00
1.00 -29.00
3.00 -32.00
6.00 -31.00
11.00 -21.00
5.00 -1.00
2.00 1.00
5
0.00 0.00
5.00 -3.00
23.00 -3.00
13.00 2.00
1.00 2.00
4
0.00 0.00
1.00 6.00
0.00 6.00
0.00 5.00
4
-3.00 0.00
0.00 0.00
0.00 5.00
-1.00 4.00
3
-3.00 0.00
-1.00 4.00
-2.00 4.00
3
-3.00 5.00
-3.00 6.00
-4.00 6.00
4
-3.00 0.00
-2.00 4.00
-3.00 5.00
-4.00 6.00
4
0.00 0.00
1.00 -2.00
8.00 -2.00
6.00 1.00
3
0.00 0.00
14.00 0.00
5.00 6.40
2