70
25
1
1
2
1
3
1
3
1
3
1
3
1
3
1
3
1
1
2
1
2
1
1
1
1
1
0
1
0
1
1
1
1
1
1
1
1
2
2
2
2
2
0
2
0
1
1
1
1
1
1
4
0.00 0.00
6.00 -4.00
12.00 0.00
6.00 4.00
4
0.00 0.00
-10.00 0.00
-10.00 -5.00
-5.00 -5.00
4
-5.00 -10.00
0.00 -10.00
0.00 0.00
-5.00 -5.00
4
0.00 0.00
2.00 2.00
-4.00 2.00
-2.00 0.00
4
0.00 -2.00
0.00 0.00
-2.00 0.00
-2.00 -2.00
4
-4.00 -4.00
2.00 -4.00
0.00 -2.00
-2.00 -2.00
4
0.00 0.00
2.00 2.00
-6.00 2.00
-4.00 0.00
4
0.00 -4.00
0.00 0.00
-4.00 0.00
-4.00 -4.00
4
-6.00 -6.00
2.00 -6.00
0.00 -4.00
-4.00 -4.00
4
0.00 0.00
2.00 2.00
-8.00 2.00
-6.00 0.00
4
0.00 -6.00
0.00 0.00
-6.00 0.00
-6.00 -6.00
4
-8.00 -8.00
2.00 -8.00
0.00 -6.00
-6.00 -6.00
4
0.00 0.00
0.00 6.00
-2.00 6.00
-2.00 2.00
4
-6.00 0.00
0.00 0.00
-2.00 2.00
-4.00 2.00
4
-6.00 0.00
-4.00 2.00
-4.00 6.00
-6.00 6.00
4
0.00 0.00
0.00 8.00
-2.00 8.00
-2.00 2.00
4
-8.00 0.00
0.00 0.00
-2.00 2.00
-6.00 2.00
4
-8.00 0.00
-6.00 2.00
-6.00 8.00
-8.00 8.00
4
0.00 0.00
0.00 10.00
-2.00 10.00
-2.00 2.00
4
-10.00 0.00
0.00 0.00
-2.00 2.00
-8.00 2.00
4
-10.00 0.00
-8.00 2.00
-8.00 10.00
-10.00 10.00
3
0.00 0.00
12.00 0.00
6.00 12.00
3
0.00 0.00
8.00 0.00
4.00 8.00
3
0.00 0.00
10.00 -10.00
10.00 0.00
4
0.00 0.00
6.00 8.00
0.00 16.00
-6.00 8.00
3
0.00 0.00
6.00 12.00
-6.00 12.00
3
0.00 0.00
8.00 0.00
4.00 8.00
3
0.00 0.00
5.00 10.00
-5.00 10.00
4
0.00 0.00
4.00 5.00
0.00 10.00
-4.00 5.00
7
0.00 0.00
2.00 0.00
4.00 2.00
4.00 4.00
1.00 6.00
-2.00 4.00
-2.00 2.00
7
0.00 0.00
4.00 0.00
6.00 2.00
6.00 6.00
2.00 8.00
-2.00 6.00
-2.00 2.00
4
0.00 0.00
6.00 0.00
6.00 3.00
3.00 3.00
4
0.00 0.00
3.00 3.00
3.00 6.00
0.00 6.00
4
0.00 0.00
-8.00 0.00
-8.00 -4.00
-4.00 -4.00
4
-4.00 -8.00
0.00 -8.00
0.00 0.00
-4.00 -4.00
4
0.00 0.00
6.00 0.00
6.00 3.00
3.00 3.00
4
0.00 0.00
3.00 3.00
3.00 6.00
0.00 6.00
4
0.00 0.00
-8.00 0.00
-8.00 -4.00
-4.00 -4.00
4
-4.00 -8.00
0.00 -8.00
0.00 0.00
-4.00 -4.00
4
0.00 0.00
12.00 0.00
12.00 12.00
0.00 12.00
4
0.00 0.00
8.00 0.00
8.00 8.00
0.00 8.00
4
0.00 0.00
10.00 0.00
10.00 10.00
0.00 10.00
