40
4
3
1
1
1
4
1
3
1
4
0.00 0.00
0.00 3.00
2.00 3.00
2.00 -2.00
4
-10.00 0.00
0.00 0.00
2.00 -2.00
-12.00 -2.00
4
-12.00 3.00
-10.00 3.00
-10.00 0.00
-12.00 -2.00
4
0.00 0.00
6.00 -6.00
12.00 0.00
6.00 6.00
4
0.00 0.00
0.00 -2.00
-3.00 -2.00
-3.00 1.00
5
-5.00 2.00
-5.00 4.00
-4.00 4.00
0.00 0.00
-3.00 1.00
4
-11.00 2.00
-5.00 2.00
-3.00 1.00
-9.00 1.00
4
-11.00 2.00
-9.00 1.00
-9.00 -2.00
-11.00 -2.00
4
0.00 0.00
2.00 0.00
2.00 -2.00
0.00 -2.00
8
-2.00 0.00
-2.00 2.00
0.00 2.00
0.00 0.00
0.00 -2.00
0.00 -4.00
-2.00 -4.00
-2.00 -2.00
4
-4.00 0.00
-2.00 0.00
-2.00 -2.00
-4.00 -2.00
