104
8
1
1
3
1
3
1
1
1
1
1
2
1
4
1
3
1
6
0.00 0.00
21.00 0.00
21.00 22.00
14.00 28.00
7.00 28.00
0.00 22.00
4
0.00 0.00
8.00 -2.00
10.00 3.00
6.00 2.00
5
-9.00 -2.00
0.00 0.00
6.00 2.00
0.00 4.00
-7.00 2.00
3
-11.00 3.00
-9.00 -2.00
-7.00 2.00
4
0.00 0.00
33.00 0.00
33.00 14.00
30.00 14.00
4
0.00 0.00
30.00 14.00
26.00 17.00
13.00 15.00
3
0.00 0.00
13.00 15.00
0.00 17.00
4
0.00 0.00
4.00 0.00
4.00 39.00
0.00 39.00
4
0.00 0.00
10.00 0.00
10.00 11.00
0.00 11.00
4
0.00 0.00
-2.00 -8.00
0.00 -10.00
2.00 0.00
4
0.00 10.00
-2.00 8.00
0.00 0.00
2.00 0.00
4
0.00 0.00
0.00 7.00
-7.00 11.00
-9.00 9.00
4
-11.00 9.00
-13.00 11.00
-21.00 8.00
-21.00 0.00
8
2.00 -14.00
4.00 -4.00
0.00 0.00
-9.00 9.00
-11.00 9.00
-21.00 0.00
-25.00 -4.00
-23.00 -14.00
4
-25.00 -26.00
4.00 -26.00
2.00 -14.00
-23.00 -14.00
5
0.00 0.00
33.00 0.00
37.00 6.00
35.00 13.00
28.00 13.00
4
0.00 0.00
28.00 13.00
25.00 15.00
14.00 13.00
3
0.00 0.00
14.00 13.00
0.00 15.00
3
y
y
y
y
y
y
y
y
n