100
16
1
1
1
1
1
1
1
1
1
1
2
1
1
1
1
1
1
1
1
1
1
1
1
1
1
1
1
1
1
1
1
1
3
0.00 0.00
35.00 0.00
0.00 -34.00
3
0.00 0.00
33.00 0.00
18.00 -15.00
4
0.00 0.00
32.00 0.00
32.00 -41.00
14.00 -33.00
6
0.00 0.00
18.00 -15.00
16.00 -38.00
13.00 -62.00
4.00 -57.00
-35.00 -34.00
5
0.00 0.00
15.00 15.00
29.00 -18.00
23.00 -19.00
-2.00 -23.00
3
0.00 0.00
20.00 -26.00
0.00 -66.00
3
0.00 0.00
39.00 -23.00
20.00 -26.00
6
0.00 0.00
25.00 4.00
27.00 -14.00
29.00 -35.00
22.00 -33.00
-3.00 -24.00
4
0.00 0.00
6.00 1.00
24.00 -7.00
2.00 -18.00
3
0.00 0.00
22.00 11.00
2.00 -21.00
3
0.00 0.00
20.00 32.00
20.00 -5.00
3
0.00 0.00
25.00 -9.00
-1.00 -15.00
5
0.00 0.00
19.00 3.00
28.00 -2.00
27.00 -17.00
24.00 -40.00
3
0.00 0.00
24.00 -40.00
-20.00 -40.00
4
0.00 0.00
26.00 6.00
33.00 4.00
-3.00 -23.00
3
0.00 0.00
36.00 27.00
56.00 0.00
3
0.00 0.00
20.00 -5.00
20.00 -27.00
1