79
17
4
1
3
1
1
1
1
1
1
1
1
1
1
1
1
1
1
1
1
1
1
1
1
1
1
1
1
1
1
1
1
1
1
1
3
0.00 0.00
2.00 -2.00
12.00 1.00
5
21.00 2.00
47.00 3.00
47.00 14.00
-8.00 14.00
-8.00 9.00
6
-12.00 1.00
0.00 0.00
12.00 1.00
21.00 2.00
-8.00 9.00
-10.00 6.00
3
-12.00 1.00
-10.00 6.00
-12.00 6.00
3
0.00 0.00
4.00 -2.00
10.00 1.00
5
-10.00 3.00
0.00 0.00
10.00 1.00
19.00 4.00
19.00 20.00
4
-37.00 20.00
-37.00 6.00
-10.00 3.00
19.00 20.00
4
0.00 0.00
57.00 0.00
57.00 5.00
0.00 5.00
4
0.00 0.00
52.00 0.00
52.00 5.00
0.00 5.00
4
0.00 0.00
44.00 0.00
44.00 5.00
0.00 5.00
4
0.00 0.00
42.00 0.00
42.00 5.00
0.00 5.00
4
0.00 0.00
21.00 0.00
21.00 2.00
0.00 2.00
4
0.00 0.00
15.00 4.00
13.00 7.00
0.00 6.00
4
0.00 0.00
15.00 1.00
15.00 4.00
0.00 4.00
4
0.00 0.00
14.00 0.00
14.00 5.00
0.00 5.00
4
0.00 0.00
14.00 1.00
14.00 4.00
0.00 4.00
4
0.00 0.00
13.00 0.00
13.00 5.00
0.00 5.00
4
0.00 0.00
13.00 1.00
13.00 4.00
0.00 4.00
4
0.00 0.00
12.00 0.00
12.00 5.00
0.00 5.00
7
0.00 0.00
4.00 2.00
6.00 10.00
4.00 11.00
-4.00 11.00
-6.00 10.00
-4.00 2.00
5
0.00 0.00
3.00 -2.00
8.00 0.00
8.00 8.00
2.00 8.00
7
0.00 0.00
2.00 1.00
3.00 6.00
2.00 7.00
-2.00 7.00
-3.00 6.00
-2.00 1.00
