38
12
1
2
1
0
1
1
1
1
1
1
1
1
1
1
1
1
1
1
1
1
1
1
1
1
4
0.00 0.00
10.00 0.00
10.00 10.00
0.00 10.00
4
0.00 0.00
10.00 0.00
10.00 10.00
0.00 10.00
4
0.00 0.00
14.00 0.00
14.00 9.00
0.00 9.00
3
0.00 0.00
14.00 0.00
7.00 7.00
3
0.00 0.00
0.00 -9.00
14.00 0.00
4
0.00 0.00
14.00 0.00
14.00 14.00
0.00 14.00
4
0.00 0.00
10.00 4.00
10.00 9.00
0.00 9.00
4
0.00 0.00
5.00 0.00
5.00 9.00
0.00 9.00
3
0.00 0.00
14.00 0.00
14.00 14.00
4
0.00 0.00
10.00 0.00
10.00 10.00
0.00 14.00
3
0.00 0.00
4.00 -8.00
8.00 0.00
3
0.00 0.00
14.00 0.00
7.00 12.00
2