4900
8
5
2
1
2
1
4
2
4
3
4
1
4
3
2
3
2
4
0.00 0.00
549.00 -21.00
815.00 529.00
634.00 662.00
4
634.00 1122.00
815.00 1255.00
549.00 1805.00
0.00 1784.00
4
0.00 0.00
634.00 662.00
634.00 1122.00
0.00 1784.00
6
-1219.00 -96.00
-202.00 -238.00
0.00 0.00
0.00 1784.00
-202.00 2022.00
-1219.00 1880.00
4
-2185.00 -152.00
-1219.00 -96.00
-1219.00 1880.00
-2185.00 1936.00
4
0.00 0.00
3034.00 0.00
3034.00 261.00
0.00 261.00
6
0.00 0.00
1761.00 -173.00
2183.00 477.00
2183.00 837.00
1761.00 1487.00
0.00 1314.00
4
0.00 0.00
796.00 -119.00
870.00 6.00
0.00 186.00
4
-796.00 -119.00
0.00 0.00
0.00 186.00
-870.00 6.00
4
0.00 0.00
411.00 -65.00
311.00 303.00
-389.00 221.00
5
-778.00 0.00
-389.00 -65.00
0.00 0.00
-389.00 221.00
-1089.00 321.00
3
-1189.00 -65.00
-778.00 0.00
-1089.00 321.00
4
0.00 0.00
936.00 0.00
936.00 659.00
0.00 659.00
5
0.00 0.00
387.00 -47.00
490.00 638.00
408.00 1078.00
-2186.00 1078.00
4
-1120.00 -145.00
-295.00 -288.00
0.00 0.00
-2186.00 1078.00
3
-2130.00 -215.00
-1120.00 -145.00
-2186.00 1078.00
5
0.00 0.00
2499.00 0.00
2705.00 387.00
2622.00 934.00
2148.00 967.00
4
0.00 0.00
2148.00 967.00
1920.00 1152.00
1061.00 1059.00
3
0.00 0.00
1061.00 1059.00
0.00 1125.00
2