2550
9
4
1
1
1
1
1
2
1
1
1
4
1
5
1
5
1
2
1
4
0.00 0.00
119.00 -47.00
167.00 248.00
148.00 349.00
4
-74.00 -3.00
0.00 0.00
148.00 349.00
-930.00 360.00
4
-452.00 66.00
-203.00 -26.00
-74.00 -3.00
-930.00 360.00
3
-920.00 68.00
-452.00 66.00
-930.00 360.00
4
0.00 0.00
316.00 2.00
316.00 274.00
0.00 275.00
4
0.00 0.00
239.00 -1.00
242.00 79.00
0.00 77.00
4
0.00 0.00
0.00 -191.00
384.00 -310.00
384.00 -240.00
4
0.00 0.00
384.00 -240.00
759.00 -241.00
758.00 0.00
4
0.00 0.00
0.00 -177.00
150.00 -252.00
148.00 -77.00
8
0.00 0.00
-255.00 -126.00
-300.00 -230.00
-300.00 -297.00
-245.00 -398.00
-155.00 -435.00
29.00 -426.00
107.00 -416.00
6
87.00 0.00
55.00 54.00
0.00 0.00
107.00 -416.00
239.00 -413.00
297.00 -400.00
7
203.00 -37.00
87.00 0.00
297.00 -400.00
368.00 -431.00
436.00 -451.00
484.00 -448.00
549.00 -257.00
3
552.00 -39.00
203.00 -37.00
549.00 -257.00
4
0.00 0.00
122.00 2.00
28.00 242.00
-91.00 205.00
5
-148.00 -258.00
-81.00 -238.00
0.00 0.00
-91.00 205.00
-130.00 195.00
4
-214.00 232.00
-243.00 289.00
-281.00 286.00
-359.00 219.00
5
-148.00 -258.00
-130.00 195.00
-214.00 232.00
-359.00 219.00
-436.00 156.00
4
-975.00 -26.00
-148.00 -258.00
-436.00 156.00
-975.00 168.00
5
0.00 0.00
-97.00 -7.00
-22.00 -238.00
29.00 -245.00
94.00 -205.00
4
219.00 -202.00
262.00 -256.00
339.00 -260.00
345.00 -223.00
5
597.00 -191.00
629.00 -224.00
994.00 -266.00
997.00 -55.00
936.00 -58.00
6
219.00 -202.00
345.00 -223.00
597.00 -191.00
936.00 -58.00
890.00 80.00
829.00 127.00
6
54.00 161.00
0.00 0.00
94.00 -205.00
174.00 -216.00
219.00 -202.00
829.00 127.00
3
0.00 0.00
-29.00 80.00
-97.00 64.00
5
-619.00 -196.00
126.00 -172.00
0.00 0.00
-97.00 64.00
-613.00 86.00
1
y
y
y
y
y
y
y
y
y
n