40
25
1
1
1
1
1
1
1
1
1
1
1
1
2
1
2
1
2
2
2
1
2
1
2
0
1
1
1
1
1
1
3
2
3
2
3
0
3
0
1
1
1
1
1
1
1
1
1
1
1
1
3
0.00 0.00
2.00 0.00
0.00 2.00
3
0.00 0.00
3.00 0.00
0.00 3.00
3
0.00 0.00
4.00 0.00
0.00 4.00
3
0.00 0.00
0.00 5.00
-5.00 5.00
3
0.00 0.00
6.00 -3.00
6.00 0.00
3
0.00 0.00
7.00 -4.00
7.00 0.00
4
0.00 0.00
5.00 0.00
5.00 3.00
3.00 3.00
4
0.00 0.00
3.00 3.00
3.00 5.00
0.00 5.00
4
0.00 0.00
4.00 0.00
4.00 1.00
2.00 1.00
4
0.00 0.00
2.00 1.00
2.00 4.00
0.00 4.00
4
0.00 0.00
6.00 0.00
6.00 3.00
4.00 3.00
4
0.00 0.00
4.00 3.00
4.00 6.00
0.00 6.00
4
0.00 0.00
0.00 2.00
-2.00 2.00
-2.00 1.00
4
-5.00 0.00
0.00 0.00
-2.00 1.00
-5.00 1.00
4
0.00 0.00
0.00 2.00
-1.00 2.00
-1.00 1.00
4
-4.00 0.00
0.00 0.00
-1.00 1.00
-4.00 1.00
4
0.00 0.00
6.00 0.00
6.00 3.00
4.00 3.00
4
0.00 0.00
4.00 3.00
4.00 6.00
0.00 6.00
4
0.00 0.00
6.00 0.00
6.00 6.00
0.00 6.00
4
0.00 0.00
5.00 0.00
5.00 5.00
0.00 5.00
4
0.00 0.00
4.00 0.00
4.00 4.00
0.00 4.00
4
0.00 0.00
0.00 2.00
-2.00 2.00
-2.00 0.00
8
0.00 -2.00
2.00 -2.00
2.00 0.00
0.00 0.00
-2.00 0.00
-4.00 0.00
-4.00 -2.00
-2.00 -2.00
4
-2.00 -4.00
0.00 -4.00
0.00 -2.00
-2.00 -2.00
4
0.00 0.00
0.00 1.00
-1.00 1.00
-1.00 0.00
8
0.00 -1.00
1.00 -1.00
1.00 0.00
0.00 0.00
-1.00 0.00
-2.00 0.00
-2.00 -1.00
-1.00 -1.00
4
-1.00 -2.00
0.00 -2.00
0.00 -1.00
-1.00 -1.00
4
0.00 0.00
0.00 2.00
-2.00 2.00
-2.00 0.00
8
0.00 -2.00
2.00 -2.00
2.00 0.00
0.00 0.00
-2.00 0.00
-4.00 0.00
-4.00 -2.00
-2.00 -2.00
4
-2.00 -4.00
0.00 -4.00
0.00 -2.00
-2.00 -2.00
4
0.00 0.00
0.00 1.00
-1.00 1.00
-1.00 0.00
8
0.00 -1.00
1.00 -1.00
1.00 0.00
0.00 0.00
-1.00 0.00
-2.00 0.00
-2.00 -1.00
-1.00 -1.00
4
-1.00 -2.00
0.00 -2.00
0.00 -1.00
-1.00 -1.00
4
0.00 0.00
6.00 0.00
6.00 3.00
0.00 3.00
4
0.00 0.00
1.00 0.00
1.00 4.00
0.00 4.00
4
0.00 0.00
5.00 0.00
5.00 2.00
0.00 2.00
8
0.00 0.00
2.00 0.00
4.00 2.00
4.00 4.00
2.00 6.00
0.00 6.00
-2.00 4.00
-2.00 2.00
8
0.00 0.00
3.00 0.00
5.00 2.00
5.00 4.00
3.00 6.00
0.00 6.00
-3.00 4.00
-3.00 2.00
8
0.00 0.00
2.00 -1.00
4.00 -1.00
6.00 0.00
6.00 1.00
4.00 2.00
2.00 2.00
0.00 1.00
