40
45
1
1
1
1
1
1
1
1
1
1
1
1
1
1
2
1
1
1
1
1
2
1
3
1
2
1
2
1
1
1
1
1
2
1
1
1
2
1
2
1
1
1
1
1
1
1
1
1
1
1
1
1
1
1
2
1
3
1
2
1
3
1
1
1
1
1
1
1
1
1
2
1
1
1
2
1
1
1
2
1
1
1
2
1
1
1
1
1
2
1
4
0.00 0.00
10.00 2.00
8.00 5.00
4.00 4.00
3
0.00 0.00
7.00 0.00
5.00 7.00
5
0.00 0.00
3.00 -1.00
7.00 1.00
4.00 4.00
1.00 2.00
4
0.00 0.00
4.00 -3.00
5.00 4.00
-2.00 7.00
6
0.00 0.00
10.00 1.00
13.00 3.00
12.00 5.00
5.00 7.00
1.00 5.00
4
0.00 0.00
5.00 -2.00
4.00 2.00
0.00 1.00
3
0.00 0.00
2.00 7.00
-4.00 4.00
4
0.00 0.00
2.00 7.00
-1.00 6.00
-2.00 4.00
3
2.00 7.00
0.00 9.00
-1.00 6.00
4
0.00 0.00
6.00 0.00
8.00 2.00
3.00 7.00
5
0.00 0.00
8.00 0.00
8.00 3.00
0.00 7.00
-3.00 5.00
3
0.00 0.00
3.00 3.00
-4.00 2.00
4
-3.00 -3.00
4.00 -3.00
0.00 0.00
-4.00 2.00
4
0.00 0.00
3.00 -1.00
1.00 1.00
-3.00 3.00
3
-3.00 3.00
-1.00 5.00
-6.00 6.00
4
-4.00 -2.00
0.00 0.00
-3.00 3.00
-6.00 6.00
3
0.00 0.00
3.00 -6.00
4.00 -4.00
3
3.00 -6.00
9.00 -6.00
4.00 -4.00
3
0.00 0.00
4.00 2.00
2.00 3.00
4
0.00 0.00
10.00 0.00
9.00 4.00
4.00 2.00
5
0.00 0.00
5.00 -3.00
7.00 -1.00
8.00 1.00
2.00 2.00
6
0.00 0.00
3.00 -4.00
7.00 -2.00
8.00 3.00
8.00 7.00
3.00 4.00
4
0.00 0.00
3.00 -4.00
5.00 2.00
1.00 2.00
4
-4.00 0.00
0.00 0.00
1.00 2.00
-4.00 3.00
4
0.00 0.00
6.00 0.00
9.00 1.00
1.00 5.00
4
0.00 0.00
4.00 0.00
5.00 5.00
-6.00 2.00
4
-7.00 -2.00
-4.00 -3.00
0.00 0.00
-6.00 2.00
5
0.00 0.00
4.00 -5.00
6.00 -1.00
6.00 3.00
2.00 3.00
4
4.00 -5.00
9.00 -5.00
13.00 0.00
6.00 -1.00
4
0.00 0.00
4.00 -3.00
7.00 -3.00
8.00 2.00
5
0.00 0.00
2.00 -4.00
9.00 -3.00
12.00 1.00
2.00 4.00
5
0.00 0.00
3.00 -4.00
11.00 -8.00
10.00 -1.00
2.00 2.00
5
0.00 0.00
2.00 -3.00
4.00 -4.00
4.00 2.00
0.00 2.00
3
0.00 0.00
2.00 -7.00
3.00 1.00
4
0.00 0.00
4.00 4.00
5.00 7.00
2.00 5.00
4
0.00 0.00
5.00 0.00
4.00 5.00
2.00 7.00
4
0.00 0.00
4.00 -5.00
4.00 -2.00
0.00 3.00
3
-5.00 -3.00
0.00 0.00
0.00 3.00
4
0.00 0.00
3.00 -2.00
3.00 0.00
3.00 1.00
4
7.00 -2.00
9.00 1.00
7.00 4.00
5.00 0.00
4
3.00 -2.00
7.00 -2.00
5.00 0.00
3.00 0.00
3
0.00 0.00
0.00 -3.00
2.00 -2.00
6
-2.00 3.00
0.00 0.00
2.00 -2.00
4.00 -3.00
7.00 2.00
2.00 5.00
3
0.00 0.00
2.00 2.00
-2.00 1.00
4
-5.00 -2.00
1.00 -5.00
-2.00 1.00
-4.00 3.00
3
1.00 -5.00
0.00 0.00
-2.00 1.00
3
0.00 0.00
3.00 3.00
0.00 4.00
3
0.00 0.00
13.00 2.00
2.00 4.00
5
0.00 0.00
6.00 0.00
8.00 2.00
5.00 6.00
1.00 4.00
5
0.00 0.00
3.00 -1.00
7.00 -1.00
5.00 2.00
1.00 2.00
3
0.00 0.00
2.00 -2.00
1.00 2.00
4
-4.00 1.00
0.00 0.00
1.00 2.00
-4.00 4.00
6
0.00 0.00
3.00 -3.00
7.00 -2.00
9.00 0.00
7.00 2.00
2.00 2.00
4
0.00 0.00
0.00 -1.00
1.00 -1.00
1.00 3.00
4
-2.00 2.00
0.00 0.00
1.00 3.00
-2.00 3.00
4
0.00 0.00
3.00 1.00
3.00 2.00
0.00 2.00
5
0.00 0.00
0.00 -1.00
3.00 -2.00
5.00 0.00
1.00 4.00
4
-5.00 1.00
0.00 0.00
1.00 4.00
-3.00 5.00
4
0.00 0.00
7.00 2.00
9.00 5.00
0.00 4.00
5
0.00 0.00
1.00 -3.00
5.00 -1.00
5.00 3.00
0.00 5.00
3
-4.00 1.00
0.00 0.00
0.00 5.00
4
0.00 0.00
3.00 2.00
2.00 7.00
0.00 6.00
4
0.00 0.00
2.00 0.00
3.00 4.00
-1.00 3.00
4
0.00 0.00
3.00 1.00
0.00 4.00
-2.00 5.00
4
-4.00 4.00
-2.00 -3.00
0.00 0.00
-2.00 5.00
3