100
10
1
1
1
1
1
1
1
1
1
1
1
1
2
1
1
1
1
1
1
1
4
0.00 0.00
33.00 0.00
33.00 19.00
3.00 11.00
4
0.00 0.00
42.00 0.00
37.00 30.00
0.00 19.00
4
0.00 0.00
25.00 0.00
25.00 51.00
-5.00 30.00
5
0.00 0.00
3.00 11.00
7.00 33.00
8.00 38.00
0.00 36.00
5
0.00 0.00
30.00 8.00
67.00 19.00
56.00 29.00
4.00 22.00
6
0.00 0.00
30.00 21.00
30.00 70.00
-4.00 70.00
-16.00 42.00
-23.00 23.00
4
0.00 0.00
7.00 19.00
-37.00 10.00
-39.00 -15.00
4
-40.00 -20.00
12.00 -13.00
0.00 0.00
-39.00 -15.00
5
0.00 0.00
8.00 2.00
10.00 27.00
12.00 64.00
0.00 64.00
4
0.00 0.00
44.00 9.00
16.00 37.00
2.00 37.00
3
0.00 0.00
28.00 -28.00
40.00 0.00
3