Number of parts# 
 20
part 1
number of vertices# 
12
vertices (x,y)#
	-176.00 -517.00
	-98.00 -507.00
	107.00 -416.00
	105.00 -294.00
	-2.00 122.00
	-242.00 28.00
	-497.00 -98.00
	-542.00 -202.00
	-542.00 -269.00
	-505.00 -388.00
	-450.00 -489.00
	-360.00 -526.00
part 2
number of vertices# 
10
vertices (x,y)#
	34.00 -504.00
	92.00 -491.00
	297.00 -400.00
	295.00 -278.00
	85.00 122.00
	53.00 176.00
	-187.00 82.00
	-242.00 28.00
	-135.00 -388.00
	-98.00 -507.00
part 3
number of vertices# 
11
vertices (x,y)#
	279.00 -539.00
	484.00 -448.00
	549.00 -257.00
	547.00 -135.00
	201.00 85.00
	85.00 122.00
	-155.00 28.00
	-118.00 -91.00
	92.00 -491.00
	163.00 -522.00
	231.00 -542.00
part 4
number of vertices# 
7
vertices (x,y)#
	549.00 -257.00
	552.00 -39.00
	550.00 83.00
	201.00 85.00
	-39.00 -9.00
	-2.00 -128.00
	344.00 -348.00
part 5
number of vertices# 
13
vertices (x,y)#
	287.00 -574.00
	365.00 -564.00
	258.00 -148.00
	238.00 -81.00
	0.00 0.00
	-205.00 -91.00
	-460.00 -217.00
	-505.00 -321.00
	-505.00 -388.00
	-495.00 -427.00
	-440.00 -528.00
	-350.00 -565.00
	103.00 -583.00
part 6
number of vertices# 
11
vertices (x,y)#
	497.00 -561.00
	555.00 -548.00
	535.00 -481.00
	325.00 -81.00
	293.00 -27.00
	55.00 54.00
	-150.00 -37.00
	-205.00 -91.00
	-195.00 -130.00
	-88.00 -546.00
	365.00 -564.00
part 7
number of vertices# 
12
vertices (x,y)#
	742.00 -596.00
	807.00 -405.00
	787.00 -338.00
	441.00 -118.00
	203.00 -37.00
	87.00 -0.00
	-118.00 -91.00
	-108.00 -130.00
	102.00 -530.00
	173.00 -561.00
	241.00 -581.00
	694.00 -599.00
part 8
number of vertices# 
8
vertices (x,y)#
	810.00 -187.00
	790.00 -120.00
	552.00 -39.00
	203.00 -37.00
	-2.00 -128.00
	8.00 -167.00
	354.00 -387.00
	807.00 -405.00
part 9
number of vertices# 
12
vertices (x,y)#
	-190.00 -785.00
	-112.00 -775.00
	-125.00 -630.00
	-232.00 -214.00
	-487.00 -340.00
	-544.00 -369.00
	-589.00 -473.00
	-589.00 -540.00
	-586.00 -578.00
	-531.00 -679.00
	-464.00 -757.00
	-374.00 -794.00
part 10
number of vertices# 
10
vertices (x,y)#
	20.00 -772.00
	78.00 -759.00
	65.00 -614.00
	-145.00 -214.00
	-177.00 -160.00
	-234.00 -189.00
	-289.00 -243.00
	-286.00 -281.00
	-179.00 -697.00
	-112.00 -775.00
part 11
number of vertices# 
11
vertices (x,y)#
	265.00 -807.00
	330.00 -616.00
	317.00 -471.00
	-29.00 -251.00
	-145.00 -214.00
	-202.00 -243.00
	-199.00 -281.00
	11.00 -681.00
	78.00 -759.00
	149.00 -790.00
	217.00 -810.00
part 12
number of vertices# 
7
vertices (x,y)#
	333.00 -398.00
	320.00 -253.00
	-29.00 -251.00
	-86.00 -280.00
	-83.00 -318.00
	-16.00 -396.00
	330.00 -616.00
part 13
number of vertices# 
13
vertices (x,y)#
	-127.00 -862.00
	-49.00 -852.00
	365.00 -564.00
	258.00 -148.00
	-195.00 -130.00
	-450.00 -256.00
	-487.00 -340.00
	-532.00 -444.00
	-532.00 -511.00
	-519.00 -656.00
	-464.00 -757.00
	-401.00 -834.00
	-311.00 -871.00
part 14
number of vertices# 
11
vertices (x,y)#
	83.00 -849.00
	141.00 -836.00
	555.00 -548.00
	345.00 -148.00
	313.00 -94.00
	-140.00 -76.00
	-195.00 -130.00
	-232.00 -214.00
	-219.00 -359.00
	-112.00 -775.00
	-49.00 -852.00
part 15
number of vertices# 
12
vertices (x,y)#
	328.00 -884.00
	742.00 -596.00
	807.00 -405.00
	461.00 -185.00
	345.00 -148.00
	-108.00 -130.00
	-145.00 -214.00
	-132.00 -359.00
	78.00 -759.00
	141.00 -836.00
	212.00 -867.00
	280.00 -887.00
part 16
number of vertices# 
8
vertices (x,y)#
	807.00 -405.00
	810.00 -187.00
	357.00 -169.00
	8.00 -167.00
	-29.00 -251.00
	-16.00 -396.00
	47.00 -473.00
	393.00 -693.00
part 17
number of vertices# 
12
vertices (x,y)#
	-129.00 -1410.00
	55.00 -1401.00
	133.00 -1391.00
	365.00 -564.00
	258.00 -148.00
	3.00 -274.00
	-411.00 -562.00
	-456.00 -666.00
	-468.00 -1205.00
	-468.00 -1272.00
	-413.00 -1373.00
	-323.00 -1410.00
part 18
number of vertices# 
10
vertices (x,y)#
	133.00 -1391.00
	265.00 -1388.00
	323.00 -1375.00
	555.00 -548.00
	345.00 -148.00
	313.00 -94.00
	-101.00 -382.00
	-156.00 -436.00
	-168.00 -975.00
	-61.00 -1391.00
part 19
number of vertices# 
11
vertices (x,y)#
	462.00 -1426.00
	510.00 -1423.00
	575.00 -1232.00
	807.00 -405.00
	461.00 -185.00
	345.00 -148.00
	-69.00 -436.00
	-81.00 -975.00
	129.00 -1375.00
	200.00 -1406.00
	268.00 -1426.00
part 20
number of vertices# 
7
vertices (x,y)#
	575.00 -1232.00
	807.00 -405.00
	810.00 -187.00
	461.00 -185.00
	47.00 -473.00
	35.00 -1012.00
	381.00 -1232.00
