Number of parts# 
 20
part 1
number of vertices# 
13
vertices (x,y)#
	97.00 7.00
	352.00 133.00
	397.00 237.00
	397.00 304.00
	322.00 535.00
	267.00 636.00
	177.00 673.00
	126.00 680.00
	-58.00 671.00
	-136.00 661.00
	-201.00 621.00
	-94.00 205.00
	-0.00 0.00
part 2
number of vertices# 
11
vertices (x,y)#
	42.00 -47.00
	97.00 7.00
	-10.00 423.00
	-85.00 654.00
	-136.00 661.00
	-268.00 658.00
	-326.00 645.00
	-391.00 605.00
	-297.00 400.00
	-87.00 0.00
	-55.00 -54.00
part 3
number of vertices# 
12
vertices (x,y)#
	10.00 7.00
	-65.00 238.00
	-275.00 638.00
	-346.00 669.00
	-414.00 689.00
	-465.00 696.00
	-513.00 693.00
	-578.00 653.00
	-643.00 462.00
	-549.00 257.00
	-203.00 37.00
	-87.00 0.00
part 4
number of vertices# 
8
vertices (x,y)#
	-106.00 44.00
	-181.00 275.00
	-527.00 495.00
	-578.00 502.00
	-643.00 462.00
	-646.00 244.00
	-552.00 39.00
	-203.00 37.00
part 5
number of vertices# 
12
vertices (x,y)#
	36.00 328.00
	81.00 432.00
	81.00 499.00
	26.00 600.00
	-17.00 654.00
	-107.00 691.00
	-184.00 695.00
	-368.00 686.00
	-446.00 676.00
	-452.00 639.00
	-345.00 223.00
	-219.00 202.00
part 6
number of vertices# 
10
vertices (x,y)#
	-219.00 202.00
	-326.00 618.00
	-369.00 672.00
	-446.00 676.00
	-578.00 673.00
	-636.00 660.00
	-642.00 623.00
	-432.00 223.00
	-400.00 169.00
	-274.00 148.00
part 7
number of vertices# 
11
vertices (x,y)#
	-516.00 602.00
	-559.00 656.00
	-630.00 687.00
	-698.00 707.00
	-775.00 711.00
	-823.00 708.00
	-888.00 517.00
	-894.00 480.00
	-548.00 260.00
	-432.00 223.00
	-306.00 202.00
part 8
number of vertices# 
7
vertices (x,y)#
	-465.00 293.00
	-811.00 513.00
	-888.00 517.00
	-894.00 480.00
	-897.00 262.00
	-771.00 241.00
	-422.00 239.00
part 9
number of vertices# 
13
vertices (x,y)#
	-936.00 58.00
	-597.00 191.00
	-342.00 317.00
	-297.00 421.00
	-297.00 488.00
	-352.00 589.00
	-384.00 622.00
	-474.00 659.00
	-839.00 701.00
	-1023.00 692.00
	-1101.00 682.00
	-1104.00 471.00
	-997.00 55.00
part 10
number of vertices# 
11
vertices (x,y)#
	-991.00 4.00
	-652.00 137.00
	-597.00 191.00
	-704.00 607.00
	-736.00 640.00
	-1101.00 682.00
	-1233.00 679.00
	-1291.00 666.00
	-1294.00 455.00
	-1084.00 55.00
	-1052.00 1.00
part 11
number of vertices# 
12
vertices (x,y)#
	-1023.00 58.00
	-684.00 191.00
	-894.00 591.00
	-926.00 624.00
	-997.00 655.00
	-1065.00 675.00
	-1430.00 717.00
	-1478.00 714.00
	-1543.00 523.00
	-1546.00 312.00
	-1200.00 92.00
	-1084.00 55.00
part 12
number of vertices# 
8
vertices (x,y)#
	-1139.00 95.00
	-800.00 228.00
	-832.00 261.00
	-1178.00 481.00
	-1543.00 523.00
	-1546.00 312.00
	-1549.00 94.00
	-1200.00 92.00
part 13
number of vertices# 
14
vertices (x,y)#
	-574.00 -1.00
	36.00 328.00
	81.00 432.00
	81.00 499.00
	26.00 600.00
	-64.00 637.00
	-190.00 658.00
	-374.00 649.00
	-626.00 617.00
	-704.00 607.00
	-1043.00 474.00
	-936.00 58.00
	-890.00 -80.00
	-829.00 -127.00
part 14
number of vertices# 
12
vertices (x,y)#
	-274.00 148.00
	-219.00 202.00
	-326.00 618.00
	-452.00 639.00
	-584.00 636.00
	-836.00 604.00
	-894.00 591.00
	-1233.00 458.00
	-1187.00 320.00
	-977.00 -80.00
	-945.00 -134.00
	-884.00 -181.00
part 15
number of vertices# 
13
vertices (x,y)#
	-306.00 202.00
	-516.00 602.00
	-587.00 633.00
	-655.00 653.00
	-781.00 674.00
	-829.00 671.00
	-1081.00 639.00
	-1420.00 506.00
	-1485.00 315.00
	-1439.00 177.00
	-1378.00 130.00
	-1032.00 -90.00
	-916.00 -127.00
part 16
number of vertices# 
9
vertices (x,y)#
	-422.00 239.00
	-768.00 459.00
	-894.00 480.00
	-1146.00 448.00
	-1485.00 315.00
	-1488.00 97.00
	-1442.00 -41.00
	-1381.00 -88.00
	-1032.00 -90.00
part 17
number of vertices# 
14
vertices (x,y)#
	201.00 -35.00
	246.00 69.00
	300.00 230.00
	300.00 297.00
	206.00 502.00
	151.00 603.00
	61.00 640.00
	-19.00 651.00
	-203.00 642.00
	-281.00 632.00
	-326.00 618.00
	-936.00 289.00
	-829.00 -127.00
	-54.00 -161.00
part 18
number of vertices# 
12
vertices (x,y)#
	-54.00 -161.00
	-0.00 0.00
	-107.00 416.00
	-201.00 621.00
	-281.00 632.00
	-413.00 629.00
	-471.00 616.00
	-516.00 602.00
	-1126.00 273.00
	-916.00 -127.00
	-884.00 -181.00
	-109.00 -215.00
part 19
number of vertices# 
13
vertices (x,y)#
	-87.00 0.00
	-181.00 205.00
	-391.00 605.00
	-462.00 636.00
	-530.00 656.00
	-610.00 667.00
	-658.00 664.00
	-703.00 650.00
	-1313.00 321.00
	-1378.00 130.00
	-1032.00 -90.00
	-916.00 -127.00
	-141.00 -161.00
part 20
number of vertices# 
9
vertices (x,y)#
	-203.00 37.00
	-297.00 242.00
	-643.00 462.00
	-723.00 473.00
	-768.00 459.00
	-1378.00 130.00
	-1381.00 -88.00
	-606.00 -122.00
	-257.00 -124.00
