Number of parts# 
 8
part 1
number of vertices# 
11
vertices (x,y)#
	639.00 -184.00
	684.00 -80.00
	684.00 57.00
	629.00 158.00
	245.00 398.00
	155.00 435.00
	-29.00 426.00
	-107.00 416.00
	-107.00 225.00
	0.00 -191.00
	384.00 -310.00
part 2
number of vertices# 
10
vertices (x,y)#
	384.00 -310.00
	384.00 -240.00
	277.00 176.00
	-107.00 416.00
	-239.00 413.00
	-297.00 400.00
	-297.00 209.00
	-87.00 -191.00
	-55.00 -245.00
	329.00 -364.00
part 3
number of vertices# 
11
vertices (x,y)#
	297.00 -240.00
	87.00 160.00
	-297.00 400.00
	-368.00 431.00
	-436.00 451.00
	-484.00 448.00
	-549.00 257.00
	-549.00 66.00
	-203.00 -154.00
	-87.00 -191.00
	297.00 -310.00
part 4
number of vertices# 
7
vertices (x,y)#
	181.00 -203.00
	-165.00 17.00
	-549.00 257.00
	-552.00 39.00
	-552.00 -152.00
	-168.00 -271.00
	181.00 -273.00
part 5
number of vertices# 
12
vertices (x,y)#
	1014.00 -115.00
	1059.00 -11.00
	1059.00 56.00
	1058.00 297.00
	1003.00 398.00
	913.00 435.00
	155.00 435.00
	-29.00 426.00
	-107.00 416.00
	0.00 0.00
	384.00 -240.00
	759.00 -241.00
part 6
number of vertices# 
10
vertices (x,y)#
	759.00 -241.00
	758.00 0.00
	651.00 416.00
	-107.00 416.00
	-239.00 413.00
	-297.00 400.00
	-87.00 0.00
	-55.00 -54.00
	329.00 -294.00
	704.00 -295.00
part 7
number of vertices# 
11
vertices (x,y)#
	671.00 0.00
	461.00 400.00
	390.00 431.00
	322.00 451.00
	-436.00 451.00
	-484.00 448.00
	-549.00 257.00
	-203.00 37.00
	181.00 -203.00
	297.00 -240.00
	672.00 -241.00
part 8
number of vertices# 
7
vertices (x,y)#
	555.00 37.00
	209.00 257.00
	-549.00 257.00
	-552.00 39.00
	-168.00 -201.00
	181.00 -203.00
	556.00 -204.00
