Number of parts# 
 5
part 1
number of vertices# 
9
vertices (x,y)#
	-205.00 -94.00
	0.00 0.00
	1.00 239.00
	-6.00 336.00
	-86.00 339.00
	-317.00 264.00
	-324.00 213.00
	-322.00 -29.00
	-282.00 -94.00
part 2
number of vertices# 
8
vertices (x,y)#
	-223.00 -345.00
	-202.00 -219.00
	-201.00 20.00
	-281.00 23.00
	-335.00 -20.00
	-339.00 -97.00
	-337.00 -339.00
	-300.00 -345.00
part 3
number of vertices# 
9
vertices (x,y)#
	-55.00 -997.00
	-54.00 -758.00
	-57.00 -697.00
	-190.00 -358.00
	-270.00 -355.00
	-303.00 -387.00
	-345.00 -752.00
	-343.00 -994.00
	-132.00 -997.00
part 4
number of vertices# 
10
vertices (x,y)#
	-58.00 -936.00
	80.00 -890.00
	127.00 -829.00
	128.00 -590.00
	-201.00 20.00
	-281.00 23.00
	-302.00 -103.00
	-300.00 -345.00
	-268.00 -597.00
	-135.00 -936.00
part 5
number of vertices# 
10
vertices (x,y)#
	127.00 -829.00
	161.00 -54.00
	162.00 185.00
	1.00 239.00
	-79.00 242.00
	-284.00 148.00
	-295.00 68.00
	-293.00 -174.00
	-279.00 -219.00
	50.00 -829.00
