Number of parts# 
 16
part 1
number of vertices# 
8
vertices (x,y)#
	58.00 -852.00
	214.00 -832.00
	0.00 0.00
	-510.00 -252.00
	-600.00 -460.00
	-600.00 -594.00
	-490.00 -796.00
	-310.00 -870.00
part 2
number of vertices# 
14
vertices (x,y)#
	84.00 -848.00
	268.00 -839.00
	346.00 -829.00
	404.00 -816.00
	297.00 -400.00
	87.00 0.00
	55.00 54.00
	-200.00 -72.00
	-255.00 -126.00
	-300.00 -230.00
	-300.00 -297.00
	-193.00 -713.00
	-138.00 -814.00
	-48.00 -851.00
part 3
number of vertices# 
15
vertices (x,y)#
	465.00 -877.00
	513.00 -874.00
	591.00 -864.00
	656.00 -673.00
	549.00 -257.00
	203.00 -37.00
	87.00 0.00
	-168.00 -126.00
	-213.00 -230.00
	-213.00 -297.00
	-3.00 -697.00
	52.00 -798.00
	123.00 -829.00
	213.00 -866.00
	281.00 -886.00
part 4
number of vertices# 
11
vertices (x,y)#
	578.00 -683.00
	656.00 -673.00
	659.00 -455.00
	552.00 -39.00
	203.00 -37.00
	-52.00 -163.00
	-97.00 -267.00
	-97.00 -334.00
	-42.00 -435.00
	304.00 -655.00
	394.00 -692.00
part 5
number of vertices# 
14
vertices (x,y)#
	84.00 -848.00
	268.00 -839.00
	346.00 -829.00
	404.00 -816.00
	297.00 -400.00
	87.00 0.00
	55.00 54.00
	-200.00 -72.00
	-255.00 -126.00
	-300.00 -230.00
	-300.00 -297.00
	-193.00 -713.00
	-138.00 -814.00
	-48.00 -851.00
part 6
number of vertices# 
6
vertices (x,y)#
	478.00 -826.00
	594.00 -800.00
	174.00 0.00
	110.00 108.00
	0.00 0.00
	214.00 -832.00
part 7
number of vertices# 
13
vertices (x,y)#
	675.00 -864.00
	723.00 -861.00
	781.00 -848.00
	846.00 -657.00
	636.00 -257.00
	604.00 -203.00
	258.00 17.00
	142.00 54.00
	87.00 0.00
	194.00 -416.00
	404.00 -816.00
	475.00 -847.00
	543.00 -867.00
part 8
number of vertices# 
9
vertices (x,y)#
	788.00 -670.00
	846.00 -657.00
	849.00 -439.00
	639.00 -39.00
	607.00 15.00
	258.00 17.00
	203.00 -37.00
	310.00 -453.00
	656.00 -673.00
part 9
number of vertices# 
15
vertices (x,y)#
	465.00 -877.00
	513.00 -874.00
	591.00 -864.00
	656.00 -673.00
	549.00 -257.00
	203.00 -37.00
	87.00 0.00
	-168.00 -126.00
	-213.00 -230.00
	-213.00 -297.00
	-3.00 -697.00
	52.00 -798.00
	123.00 -829.00
	213.00 -866.00
	281.00 -886.00
part 10
number of vertices# 
13
vertices (x,y)#
	675.00 -864.00
	723.00 -861.00
	781.00 -848.00
	846.00 -657.00
	636.00 -257.00
	604.00 -203.00
	258.00 17.00
	142.00 54.00
	87.00 0.00
	194.00 -416.00
	404.00 -816.00
	475.00 -847.00
	543.00 -867.00
part 11
number of vertices# 
7
vertices (x,y)#
	968.00 -896.00
	1098.00 -514.00
	406.00 -74.00
	174.00 0.00
	594.00 -800.00
	736.00 -862.00
	872.00 -902.00
part 12
number of vertices# 
10
vertices (x,y)#
	1033.00 -705.00
	1098.00 -514.00
	1101.00 -296.00
	755.00 -76.00
	639.00 -39.00
	290.00 -37.00
	500.00 -437.00
	846.00 -657.00
	917.00 -688.00
	985.00 -708.00
part 13
number of vertices# 
11
vertices (x,y)#
	578.00 -683.00
	656.00 -673.00
	659.00 -455.00
	552.00 -39.00
	203.00 -37.00
	-52.00 -163.00
	-97.00 -267.00
	-97.00 -334.00
	-42.00 -435.00
	304.00 -655.00
	394.00 -692.00
part 14
number of vertices# 
9
vertices (x,y)#
	788.00 -670.00
	846.00 -657.00
	849.00 -439.00
	639.00 -39.00
	607.00 15.00
	258.00 17.00
	203.00 -37.00
	310.00 -453.00
	656.00 -673.00
part 15
number of vertices# 
10
vertices (x,y)#
	1033.00 -705.00
	1098.00 -514.00
	1101.00 -296.00
	755.00 -76.00
	639.00 -39.00
	290.00 -37.00
	500.00 -437.00
	846.00 -657.00
	917.00 -688.00
	985.00 -708.00
part 16
number of vertices# 
3
vertices (x,y)#
	1104.00 -78.00
	406.00 -74.00
	1098.00 -514.00
