Number of parts# 
 5
part 1
number of vertices# 
9
vertices (x,y)#
	-77.00 -148.00
	20.00 -141.00
	97.00 7.00
	22.00 238.00
	-29.00 245.00
	-206.00 245.00
	-271.00 205.00
	-346.00 55.00
	-252.00 -150.00
part 2
number of vertices# 
8
vertices (x,y)#
	-296.00 54.00
	-219.00 202.00
	-262.00 256.00
	-339.00 260.00
	-516.00 260.00
	-591.00 110.00
	-597.00 73.00
	-471.00 52.00
part 3
number of vertices# 
9
vertices (x,y)#
	-1074.00 -93.00
	-1013.00 -90.00
	-674.00 43.00
	-597.00 191.00
	-629.00 224.00
	-994.00 266.00
	-1171.00 266.00
	-1246.00 116.00
	-1249.00 -95.00
part 4
number of vertices# 
10
vertices (x,y)#
	-906.00 -275.00
	-296.00 54.00
	-219.00 202.00
	-345.00 223.00
	-522.00 223.00
	-774.00 191.00
	-1113.00 58.00
	-1188.00 -92.00
	-1142.00 -230.00
	-1081.00 -277.00
part 5
number of vertices# 
10
vertices (x,y)#
	-131.00 -309.00
	-54.00 -161.00
	0.00 0.00
	-94.00 205.00
	-174.00 216.00
	-351.00 216.00
	-396.00 202.00
	-1006.00 -127.00
	-1081.00 -277.00
	-306.00 -311.00
