Number of parts# 
 25
part 1
number of vertices# 
9
vertices (x,y)#
	33.00 -113.00
	238.00 -22.00
	245.00 29.00
	243.00 151.00
	203.00 216.00
	-37.00 122.00
	-242.00 28.00
	-235.00 -69.00
	-198.00 -188.00
part 2
number of vertices# 
8
vertices (x,y)#
	202.00 219.00
	256.00 262.00
	260.00 339.00
	258.00 461.00
	221.00 467.00
	-19.00 373.00
	-40.00 247.00
	-3.00 128.00
part 3
number of vertices# 
9
vertices (x,y)#
	191.00 597.00
	224.00 629.00
	266.00 994.00
	264.00 1116.00
	53.00 1119.00
	-187.00 1025.00
	-184.00 964.00
	-147.00 845.00
	-14.00 506.00
part 4
number of vertices# 
10
vertices (x,y)#
	202.00 219.00
	223.00 345.00
	221.00 467.00
	189.00 719.00
	56.00 1058.00
	-82.00 1012.00
	-322.00 918.00
	-369.00 857.00
	-332.00 738.00
	-3.00 128.00
part 5
number of vertices# 
10
vertices (x,y)#
	0.00 0.00
	205.00 94.00
	216.00 174.00
	214.00 296.00
	200.00 341.00
	-129.00 951.00
	-369.00 857.00
	-403.00 82.00
	-366.00 -37.00
	-205.00 -91.00
part 6
number of vertices# 
10
vertices (x,y)#
	496.00 -170.00
	503.00 -119.00
	483.00 -52.00
	443.00 13.00
	205.00 94.00
	0.00 3.00
	-205.00 -91.00
	-198.00 -188.00
	-188.00 -227.00
	265.00 -245.00
part 7
number of vertices# 
9
vertices (x,y)#
	514.00 114.00
	518.00 191.00
	498.00 258.00
	260.00 339.00
	223.00 345.00
	18.00 254.00
	-3.00 128.00
	7.00 89.00
	460.00 71.00
part 8
number of vertices# 
10
vertices (x,y)#
	482.00 481.00
	524.00 846.00
	504.00 913.00
	266.00 994.00
	55.00 997.00
	-150.00 906.00
	-147.00 845.00
	-137.00 806.00
	-4.00 467.00
	449.00 449.00
part 9
number of vertices# 
11
vertices (x,y)#
	481.00 197.00
	449.00 449.00
	429.00 516.00
	296.00 855.00
	58.00 936.00
	-80.00 890.00
	-285.00 799.00
	-332.00 738.00
	-322.00 699.00
	7.00 89.00
	460.00 71.00
part 10
number of vertices# 
11
vertices (x,y)#
	463.00 -54.00
	474.00 26.00
	454.00 93.00
	440.00 138.00
	111.00 748.00
	-127.00 829.00
	-332.00 738.00
	-366.00 -37.00
	-356.00 -76.00
	-195.00 -130.00
	258.00 -148.00
part 11
number of vertices# 
9
vertices (x,y)#
	19.00 -381.00
	26.00 -330.00
	13.00 -185.00
	-27.00 -120.00
	-232.00 -214.00
	-289.00 -243.00
	-282.00 -340.00
	-279.00 -378.00
	-212.00 -456.00
part 12
number of vertices# 
8
vertices (x,y)#
	37.00 -97.00
	41.00 -20.00
	28.00 125.00
	-9.00 131.00
	-66.00 102.00
	-87.00 -24.00
	-84.00 -62.00
	-17.00 -140.00
part 13
number of vertices# 
9
vertices (x,y)#
	5.00 270.00
	47.00 635.00
	34.00 780.00
	-177.00 783.00
	-234.00 754.00
	-231.00 693.00
	-228.00 655.00
	-95.00 316.00
	-28.00 238.00
part 14
number of vertices# 
10
vertices (x,y)#
	4.00 -14.00
	-9.00 131.00
	-41.00 383.00
	-174.00 722.00
	-312.00 676.00
	-369.00 647.00
	-416.00 586.00
	-413.00 548.00
	-84.00 -62.00
	-17.00 -140.00
part 15
number of vertices# 
10
vertices (x,y)#
	-14.00 -265.00
	-3.00 -185.00
	-16.00 -40.00
	-30.00 5.00
	-359.00 615.00
	-416.00 586.00
	-450.00 -189.00
	-447.00 -227.00
	-380.00 -305.00
	-219.00 -359.00
part 16
number of vertices# 
10
vertices (x,y)#
	82.00 -458.00
	496.00 -170.00
	503.00 -119.00
	463.00 -54.00
	10.00 -36.00
	-195.00 -130.00
	-232.00 -214.00
	-225.00 -311.00
	-212.00 -456.00
	-149.00 -533.00
part 17
number of vertices# 
9
vertices (x,y)#
	460.00 71.00
	514.00 114.00
	518.00 191.00
	481.00 197.00
	28.00 215.00
	-9.00 131.00
	-30.00 5.00
	-17.00 -140.00
	46.00 -217.00
part 18
number of vertices# 
10
vertices (x,y)#
	449.00 449.00
	482.00 481.00
	524.00 846.00
	71.00 864.00
	-140.00 867.00
	-177.00 783.00
	-174.00 722.00
	-161.00 577.00
	-28.00 238.00
	35.00 161.00
part 19
number of vertices# 
11
vertices (x,y)#
	460.00 71.00
	481.00 197.00
	449.00 449.00
	316.00 788.00
	-137.00 806.00
	-275.00 760.00
	-322.00 699.00
	-359.00 615.00
	-346.00 470.00
	-17.00 -140.00
	46.00 -217.00
part 20
number of vertices# 
11
vertices (x,y)#
	49.00 -342.00
	463.00 -54.00
	474.00 26.00
	460.00 71.00
	131.00 681.00
	-322.00 699.00
	-359.00 615.00
	-393.00 -160.00
	-380.00 -305.00
	-317.00 -382.00
	-156.00 -436.00
part 21
number of vertices# 
9
vertices (x,y)#
	33.00 -1072.00
	264.00 -997.00
	496.00 -170.00
	503.00 -119.00
	463.00 -54.00
	258.00 -148.00
	-156.00 -436.00
	-168.00 -975.00
	-161.00 -1072.00
part 22
number of vertices# 
8
vertices (x,y)#
	228.00 -756.00
	282.00 -713.00
	514.00 114.00
	518.00 191.00
	481.00 197.00
	67.00 -91.00
	46.00 -217.00
	34.00 -756.00
part 23
number of vertices# 
9
vertices (x,y)#
	217.00 -378.00
	250.00 -346.00
	482.00 481.00
	524.00 846.00
	313.00 849.00
	-101.00 561.00
	-113.00 22.00
	-110.00 -39.00
	23.00 -378.00
part 24
number of vertices# 
10
vertices (x,y)#
	228.00 -756.00
	460.00 71.00
	481.00 197.00
	449.00 449.00
	316.00 788.00
	178.00 742.00
	-236.00 454.00
	-283.00 393.00
	-295.00 -146.00
	34.00 -756.00
part 25
number of vertices# 
10
vertices (x,y)#
	26.00 -975.00
	231.00 -881.00
	463.00 -54.00
	474.00 26.00
	460.00 71.00
	131.00 681.00
	-283.00 393.00
	-317.00 -382.00
	-329.00 -921.00
	-168.00 -975.00
