Number of parts# 
 25
part 1
number of vertices# 
9
vertices (x,y)#
	-83.00 -92.00
	122.00 2.00
	115.00 99.00
	21.00 339.00
	-98.00 302.00
	-329.00 227.00
	-336.00 176.00
	-245.00 -29.00
	-205.00 -94.00
part 2
number of vertices# 
10
vertices (x,y)#
	-286.00 -332.00
	-81.00 -238.00
	0.00 0.00
	-7.00 97.00
	-98.00 302.00
	-137.00 292.00
	-368.00 217.00
	-375.00 166.00
	-393.00 -287.00
	-353.00 -352.00
part 3
number of vertices# 
9
vertices (x,y)#
	-419.00 138.00
	-214.00 232.00
	-221.00 329.00
	-250.00 386.00
	-288.00 383.00
	-519.00 308.00
	-597.00 241.00
	-604.00 190.00
	-564.00 125.00
part 4
number of vertices# 
10
vertices (x,y)#
	-148.00 -258.00
	-130.00 195.00
	-137.00 292.00
	-221.00 329.00
	-366.00 316.00
	-597.00 241.00
	-674.00 178.00
	-681.00 127.00
	-641.00 62.00
	-353.00 -352.00
part 5
number of vertices# 
9
vertices (x,y)#
	-148.00 -258.00
	-155.00 -161.00
	-443.00 253.00
	-982.00 265.00
	-1213.00 190.00
	-1220.00 139.00
	-1220.00 -55.00
	-1180.00 -120.00
	-353.00 -352.00
part 6
number of vertices# 
8
vertices (x,y)#
	-101.00 -343.00
	-80.00 -217.00
	-174.00 23.00
	-293.00 -14.00
	-347.00 -57.00
	-351.00 -134.00
	-260.00 -339.00
	-223.00 -345.00
part 7
number of vertices# 
9
vertices (x,y)#
	-304.00 -583.00
	-223.00 -345.00
	-202.00 -219.00
	-293.00 -14.00
	-332.00 -24.00
	-386.00 -67.00
	-390.00 -144.00
	-408.00 -597.00
	-371.00 -603.00
part 8
number of vertices# 
8
vertices (x,y)#
	-437.00 -113.00
	-416.00 13.00
	-445.00 70.00
	-483.00 67.00
	-537.00 24.00
	-615.00 -43.00
	-619.00 -120.00
	-582.00 -126.00
part 9
number of vertices# 
9
vertices (x,y)#
	-350.00 -477.00
	-332.00 -24.00
	-416.00 13.00
	-561.00 0.00
	-615.00 -43.00
	-692.00 -106.00
	-696.00 -183.00
	-408.00 -597.00
	-371.00 -603.00
part 10
number of vertices# 
8
vertices (x,y)#
	-350.00 -477.00
	-638.00 -63.00
	-1177.00 -51.00
	-1231.00 -94.00
	-1235.00 -171.00
	-1235.00 -365.00
	-408.00 -597.00
	-371.00 -603.00
part 11
number of vertices# 
9
vertices (x,y)#
	67.00 -995.00
	64.00 -934.00
	-30.00 -694.00
	-163.00 -355.00
	-282.00 -392.00
	-315.00 -424.00
	-357.00 -789.00
	-266.00 -994.00
	-55.00 -997.00
part 12
number of vertices# 
10
vertices (x,y)#
	-136.00 -1235.00
	-55.00 -997.00
	-58.00 -936.00
	-191.00 -597.00
	-282.00 -392.00
	-321.00 -402.00
	-354.00 -434.00
	-396.00 -799.00
	-414.00 -1252.00
	-203.00 -1255.00
part 13
number of vertices# 
9
vertices (x,y)#
	-269.00 -765.00
	-272.00 -704.00
	-405.00 -365.00
	-434.00 -308.00
	-472.00 -311.00
	-550.00 -378.00
	-583.00 -410.00
	-625.00 -775.00
	-414.00 -778.00
part 14
number of vertices# 
10
vertices (x,y)#
	-185.00 -802.00
	-188.00 -741.00
	-321.00 -402.00
	-405.00 -365.00
	-550.00 -378.00
	-627.00 -441.00
	-660.00 -473.00
	-702.00 -838.00
	-414.00 -1252.00
	-203.00 -1255.00
part 15
number of vertices# 
9
vertices (x,y)#
	-206.00 -1194.00
	-339.00 -855.00
	-627.00 -441.00
	-1166.00 -429.00
	-1199.00 -461.00
	-1241.00 -826.00
	-1241.00 -1020.00
	-414.00 -1252.00
	-203.00 -1255.00
part 16
number of vertices# 
10
vertices (x,y)#
	64.00 -934.00
	202.00 -888.00
	249.00 -827.00
	155.00 -587.00
	-174.00 23.00
	-293.00 -14.00
	-314.00 -140.00
	-282.00 -392.00
	-149.00 -731.00
	-58.00 -936.00
part 17
number of vertices# 
11
vertices (x,y)#
	-139.00 -1174.00
	-1.00 -1128.00
	46.00 -1067.00
	127.00 -829.00
	36.00 -624.00
	-293.00 -14.00
	-332.00 -24.00
	-353.00 -150.00
	-371.00 -603.00
	-339.00 -855.00
	-206.00 -1194.00
part 18
number of vertices# 
10
vertices (x,y)#
	-272.00 -704.00
	-134.00 -658.00
	-87.00 -597.00
	-116.00 -540.00
	-445.00 70.00
	-483.00 67.00
	-561.00 0.00
	-582.00 -126.00
	-550.00 -378.00
	-417.00 -717.00
part 19
number of vertices# 
11
vertices (x,y)#
	-68.00 -1148.00
	-21.00 -1087.00
	-3.00 -634.00
	-332.00 -24.00
	-416.00 13.00
	-561.00 0.00
	-638.00 -63.00
	-659.00 -189.00
	-627.00 -441.00
	-494.00 -780.00
	-206.00 -1194.00
part 20
number of vertices# 
10
vertices (x,y)#
	-68.00 -1148.00
	-21.00 -1087.00
	-350.00 -477.00
	-638.00 -63.00
	-1177.00 -51.00
	-1198.00 -177.00
	-1198.00 -371.00
	-1166.00 -623.00
	-1033.00 -962.00
	-206.00 -1194.00
part 21
number of vertices# 
10
vertices (x,y)#
	249.00 -827.00
	283.00 -52.00
	189.00 188.00
	28.00 242.00
	-91.00 205.00
	-296.00 111.00
	-307.00 31.00
	-293.00 -14.00
	-202.00 -219.00
	127.00 -829.00
part 22
number of vertices# 
11
vertices (x,y)#
	46.00 -1067.00
	127.00 -829.00
	161.00 -54.00
	70.00 151.00
	-91.00 205.00
	-130.00 195.00
	-335.00 101.00
	-346.00 21.00
	-364.00 -432.00
	-350.00 -477.00
	-21.00 -1087.00
part 23
number of vertices# 
10
vertices (x,y)#
	-87.00 -597.00
	-53.00 178.00
	-82.00 235.00
	-243.00 289.00
	-281.00 286.00
	-486.00 192.00
	-564.00 125.00
	-575.00 45.00
	-561.00 0.00
	-232.00 -610.00
part 24
number of vertices# 
11
vertices (x,y)#
	13.00 -312.00
	31.00 141.00
	-53.00 178.00
	-214.00 232.00
	-359.00 219.00
	-564.00 125.00
	-641.00 62.00
	-652.00 -18.00
	-638.00 -63.00
	-309.00 -673.00
	-21.00 -1087.00
part 25
number of vertices# 
10
vertices (x,y)#
	13.00 -312.00
	-275.00 102.00
	-436.00 156.00
	-975.00 168.00
	-1180.00 74.00
	-1191.00 -6.00
	-1191.00 -200.00
	-1177.00 -245.00
	-848.00 -855.00
	-21.00 -1087.00
