Number of parts# 
 4
part 1
number of vertices# 
11
vertices (x,y)#
	255.00 126.00
	300.00 230.00
	300.00 474.00
	245.00 575.00
	95.00 650.00
	5.00 687.00
	-179.00 678.00
	-257.00 668.00
	-255.00 493.00
	-148.00 77.00
	0.00 0.00
part 2
number of vertices# 
10
vertices (x,y)#
	0.00 0.00
	0.00 177.00
	-107.00 593.00
	-257.00 668.00
	-389.00 665.00
	-447.00 652.00
	-445.00 477.00
	-235.00 77.00
	-203.00 23.00
	-55.00 -54.00
part 3
number of vertices# 
11
vertices (x,y)#
	-87.00 177.00
	-297.00 577.00
	-447.00 652.00
	-518.00 683.00
	-586.00 703.00
	-634.00 700.00
	-699.00 509.00
	-697.00 334.00
	-351.00 114.00
	-203.00 37.00
	-87.00 -0.00
part 4
number of vertices# 
7
vertices (x,y)#
	-203.00 214.00
	-549.00 434.00
	-699.00 509.00
	-702.00 291.00
	-700.00 116.00
	-552.00 39.00
	-203.00 37.00
