Number of parts# 
 25
part 1
number of vertices# 
8
vertices (x,y)#
	37.00 -119.00
	242.00 -28.00
	240.00 94.00
	203.00 213.00
	-37.00 119.00
	-242.00 28.00
	-240.00 -94.00
	-203.00 -213.00
part 2
number of vertices# 
8
vertices (x,y)#
	500.00 -176.00
	480.00 -109.00
	443.00 10.00
	205.00 91.00
	-205.00 -91.00
	-203.00 -213.00
	-193.00 -252.00
	260.00 -270.00
part 3
number of vertices# 
8
vertices (x,y)#
	23.00 -387.00
	10.00 -242.00
	-27.00 -123.00
	-232.00 -214.00
	-289.00 -243.00
	-287.00 -365.00
	-284.00 -403.00
	-217.00 -481.00
part 4
number of vertices# 
9
vertices (x,y)#
	86.00 -464.00
	500.00 -176.00
	463.00 -57.00
	10.00 -39.00
	-195.00 -130.00
	-232.00 -214.00
	-230.00 -336.00
	-217.00 -481.00
	-154.00 -558.00
part 5
number of vertices# 
8
vertices (x,y)#
	28.00 -1097.00
	268.00 -1003.00
	500.00 -176.00
	463.00 -57.00
	258.00 -148.00
	-156.00 -436.00
	-168.00 -975.00
	-166.00 -1097.00
part 6
number of vertices# 
8
vertices (x,y)#
	205.00 91.00
	203.00 213.00
	193.00 252.00
	-260.00 270.00
	-500.00 176.00
	-480.00 109.00
	-443.00 -10.00
	-205.00 -91.00
part 7
number of vertices# 
10
vertices (x,y)#
	463.00 -57.00
	453.00 -18.00
	433.00 49.00
	195.00 130.00
	-258.00 148.00
	-463.00 57.00
	-453.00 18.00
	-433.00 -49.00
	-195.00 -130.00
	258.00 -148.00
part 8
number of vertices# 
9
vertices (x,y)#
	-14.00 -268.00
	-27.00 -123.00
	-37.00 -84.00
	-490.00 -66.00
	-547.00 -95.00
	-544.00 -133.00
	-524.00 -200.00
	-457.00 -278.00
	-219.00 -359.00
part 9
number of vertices# 
9
vertices (x,y)#
	49.00 -345.00
	463.00 -57.00
	453.00 -18.00
	-453.00 18.00
	-490.00 -66.00
	-477.00 -211.00
	-457.00 -278.00
	-394.00 -355.00
	-156.00 -436.00
part 10
number of vertices# 
9
vertices (x,y)#
	26.00 -975.00
	231.00 -884.00
	463.00 -57.00
	453.00 -18.00
	0.00 0.00
	-414.00 -288.00
	-426.00 -827.00
	-406.00 -894.00
	-168.00 -975.00
part 11
number of vertices# 
8
vertices (x,y)#
	232.00 214.00
	289.00 243.00
	287.00 365.00
	284.00 403.00
	217.00 481.00
	-23.00 387.00
	-10.00 242.00
	27.00 123.00
part 12
number of vertices# 
9
vertices (x,y)#
	547.00 95.00
	544.00 133.00
	524.00 200.00
	457.00 278.00
	219.00 359.00
	14.00 268.00
	27.00 123.00
	37.00 84.00
	490.00 66.00
part 13
number of vertices# 
8
vertices (x,y)#
	70.00 -116.00
	67.00 -78.00
	54.00 67.00
	-13.00 145.00
	-70.00 116.00
	-67.00 78.00
	-54.00 -67.00
	13.00 -145.00
part 14
number of vertices# 
8
vertices (x,y)#
	133.00 -193.00
	547.00 95.00
	544.00 133.00
	477.00 211.00
	24.00 229.00
	-13.00 145.00
	13.00 -145.00
	76.00 -222.00
part 15
number of vertices# 
8
vertices (x,y)#
	258.00 -761.00
	315.00 -732.00
	547.00 95.00
	544.00 133.00
	477.00 211.00
	63.00 -77.00
	51.00 -616.00
	64.00 -761.00
part 16
number of vertices# 
9
vertices (x,y)#
	195.00 130.00
	232.00 214.00
	230.00 336.00
	217.00 481.00
	154.00 558.00
	-86.00 464.00
	-500.00 176.00
	-463.00 57.00
	-10.00 39.00
part 17
number of vertices# 
9
vertices (x,y)#
	490.00 66.00
	477.00 211.00
	457.00 278.00
	394.00 355.00
	156.00 436.00
	-49.00 345.00
	-463.00 57.00
	-453.00 18.00
	453.00 -18.00
part 18
number of vertices# 
8
vertices (x,y)#
	13.00 -145.00
	-13.00 145.00
	-76.00 222.00
	-133.00 193.00
	-547.00 -95.00
	-544.00 -133.00
	-477.00 -211.00
	-24.00 -229.00
part 19
number of vertices# 
10
vertices (x,y)#
	453.00 -18.00
	490.00 66.00
	477.00 211.00
	414.00 288.00
	-39.00 306.00
	-453.00 18.00
	-490.00 -66.00
	-477.00 -211.00
	-414.00 -288.00
	39.00 -306.00
part 20
number of vertices# 
8
vertices (x,y)#
	221.00 -845.00
	258.00 -761.00
	490.00 66.00
	477.00 211.00
	414.00 288.00
	-414.00 -288.00
	-426.00 -827.00
	27.00 -845.00
part 21
number of vertices# 
8
vertices (x,y)#
	-258.00 148.00
	156.00 436.00
	168.00 975.00
	166.00 1097.00
	-28.00 1097.00
	-268.00 1003.00
	-500.00 176.00
	-463.00 57.00
part 22
number of vertices# 
9
vertices (x,y)#
	414.00 288.00
	426.00 827.00
	406.00 894.00
	168.00 975.00
	-26.00 975.00
	-231.00 884.00
	-463.00 57.00
	-453.00 18.00
	0.00 -0.00
part 23
number of vertices# 
8
vertices (x,y)#
	-63.00 77.00
	-51.00 616.00
	-64.00 761.00
	-258.00 761.00
	-315.00 732.00
	-547.00 -95.00
	-544.00 -133.00
	-477.00 -211.00
part 24
number of vertices# 
8
vertices (x,y)#
	414.00 288.00
	426.00 827.00
	-27.00 845.00
	-221.00 845.00
	-258.00 761.00
	-490.00 -66.00
	-477.00 -211.00
	-414.00 -288.00
part 25
number of vertices# 
8
vertices (x,y)#
	-232.00 -827.00
	182.00 -539.00
	414.00 288.00
	426.00 827.00
	232.00 827.00
	-182.00 539.00
	-414.00 -288.00
	-426.00 -827.00
