Number of parts# 
 25
part 1
number of vertices# 
9
vertices (x,y)#
	-114.00 -299.00
	91.00 -205.00
	84.00 -108.00
	-7.00 97.00
	-129.00 95.00
	-360.00 20.00
	-367.00 -31.00
	-273.00 -271.00
	-233.00 -336.00
part 2
number of vertices# 
10
vertices (x,y)#
	-75.00 -289.00
	130.00 -195.00
	148.00 258.00
	141.00 355.00
	74.00 335.00
	-157.00 260.00
	-238.00 22.00
	-245.00 -29.00
	-154.00 -234.00
	-114.00 -299.00
part 3
number of vertices# 
9
vertices (x,y)#
	76.00 -380.00
	281.00 -286.00
	359.00 -219.00
	352.00 -122.00
	207.00 -135.00
	-24.00 -210.00
	-31.00 -261.00
	-2.00 -318.00
	38.00 -383.00
part 4
number of vertices# 
10
vertices (x,y)#
	154.00 -313.00
	359.00 -219.00
	436.00 -156.00
	429.00 -59.00
	141.00 355.00
	-90.00 280.00
	-97.00 229.00
	-115.00 -224.00
	-75.00 -289.00
	9.00 -326.00
part 5
number of vertices# 
9
vertices (x,y)#
	975.00 -168.00
	975.00 26.00
	968.00 123.00
	141.00 355.00
	-90.00 280.00
	-97.00 229.00
	-57.00 164.00
	231.00 -250.00
	770.00 -262.00
part 6
number of vertices# 
8
vertices (x,y)#
	-132.00 -550.00
	-111.00 -424.00
	-202.00 -219.00
	-324.00 -221.00
	-378.00 -264.00
	-382.00 -341.00
	-288.00 -581.00
	-251.00 -587.00
part 7
number of vertices# 
9
vertices (x,y)#
	-93.00 -540.00
	-72.00 -414.00
	-54.00 39.00
	-121.00 19.00
	-175.00 -24.00
	-256.00 -262.00
	-260.00 -339.00
	-169.00 -544.00
	-132.00 -550.00
part 8
number of vertices# 
8
vertices (x,y)#
	58.00 -631.00
	136.00 -564.00
	157.00 -438.00
	12.00 -451.00
	-42.00 -494.00
	-46.00 -571.00
	-17.00 -628.00
	20.00 -634.00
part 9
number of vertices# 
9
vertices (x,y)#
	136.00 -564.00
	213.00 -501.00
	234.00 -375.00
	-54.00 39.00
	-108.00 -4.00
	-112.00 -81.00
	-130.00 -534.00
	-46.00 -571.00
	-9.00 -577.00
part 10
number of vertices# 
8
vertices (x,y)#
	773.00 -387.00
	773.00 -193.00
	-54.00 39.00
	-108.00 -4.00
	-112.00 -81.00
	176.00 -495.00
	213.00 -501.00
	752.00 -513.00
part 11
number of vertices# 
9
vertices (x,y)#
	36.00 -1202.00
	33.00 -1141.00
	-100.00 -802.00
	-191.00 -597.00
	-313.00 -599.00
	-346.00 -631.00
	-388.00 -996.00
	-294.00 -1236.00
	-83.00 -1239.00
part 12
number of vertices# 
10
vertices (x,y)#
	75.00 -1192.00
	93.00 -739.00
	90.00 -678.00
	-43.00 -339.00
	-110.00 -359.00
	-143.00 -391.00
	-224.00 -629.00
	-266.00 -994.00
	-175.00 -1199.00
	36.00 -1202.00
part 13
number of vertices# 
9
vertices (x,y)#
	226.00 -1283.00
	304.00 -1216.00
	301.00 -1155.00
	168.00 -816.00
	23.00 -829.00
	-10.00 -861.00
	-52.00 -1226.00
	-23.00 -1283.00
	188.00 -1286.00
part 14
number of vertices# 
10
vertices (x,y)#
	304.00 -1216.00
	381.00 -1153.00
	378.00 -1092.00
	245.00 -753.00
	-43.00 -339.00
	-76.00 -371.00
	-118.00 -736.00
	-136.00 -1189.00
	-52.00 -1226.00
	159.00 -1229.00
part 15
number of vertices# 
9
vertices (x,y)#
	920.00 -971.00
	917.00 -910.00
	784.00 -571.00
	-43.00 -339.00
	-76.00 -371.00
	-118.00 -736.00
	170.00 -1150.00
	709.00 -1162.00
	920.00 -1165.00
part 16
number of vertices# 
10
vertices (x,y)#
	33.00 -1141.00
	171.00 -1095.00
	218.00 -1034.00
	127.00 -829.00
	-202.00 -219.00
	-324.00 -221.00
	-345.00 -347.00
	-313.00 -599.00
	-219.00 -839.00
	-86.00 -1178.00
part 17
number of vertices# 
11
vertices (x,y)#
	72.00 -1131.00
	210.00 -1085.00
	257.00 -1024.00
	275.00 -571.00
	-54.00 39.00
	-121.00 19.00
	-202.00 -219.00
	-223.00 -345.00
	-191.00 -597.00
	-58.00 -936.00
	33.00 -1141.00
part 18
number of vertices# 
10
vertices (x,y)#
	223.00 -1222.00
	361.00 -1176.00
	439.00 -1109.00
	486.00 -1048.00
	157.00 -438.00
	12.00 -451.00
	-9.00 -577.00
	23.00 -829.00
	156.00 -1168.00
	185.00 -1225.00
part 19
number of vertices# 
11
vertices (x,y)#
	301.00 -1155.00
	439.00 -1109.00
	516.00 -1046.00
	563.00 -985.00
	234.00 -375.00
	-54.00 39.00
	-75.00 -87.00
	-93.00 -540.00
	-61.00 -792.00
	72.00 -1131.00
	156.00 -1168.00
part 20
number of vertices# 
10
vertices (x,y)#
	1055.00 -1058.00
	1102.00 -997.00
	1102.00 -803.00
	773.00 -193.00
	-54.00 39.00
	-75.00 -87.00
	-43.00 -339.00
	90.00 -678.00
	378.00 -1092.00
	917.00 -1104.00
part 21
number of vertices# 
10
vertices (x,y)#
	218.00 -1034.00
	252.00 -259.00
	161.00 -54.00
	-0.00 0.00
	-122.00 -2.00
	-327.00 -96.00
	-338.00 -176.00
	-324.00 -221.00
	-230.00 -461.00
	99.00 -1071.00
part 22
number of vertices# 
11
vertices (x,y)#
	257.00 -1024.00
	291.00 -249.00
	309.00 204.00
	148.00 258.00
	81.00 238.00
	-124.00 144.00
	-205.00 -94.00
	-216.00 -174.00
	-202.00 -219.00
	-111.00 -424.00
	218.00 -1034.00
part 23
number of vertices# 
10
vertices (x,y)#
	408.00 -1115.00
	486.00 -1048.00
	520.00 -273.00
	359.00 -219.00
	214.00 -232.00
	9.00 -326.00
	-2.00 -406.00
	12.00 -451.00
	41.00 -508.00
	370.00 -1118.00
part 24
number of vertices# 
11
vertices (x,y)#
	486.00 -1048.00
	563.00 -985.00
	597.00 -210.00
	309.00 204.00
	148.00 258.00
	-57.00 164.00
	-68.00 84.00
	-86.00 -369.00
	-72.00 -414.00
	257.00 -1024.00
	341.00 -1061.00
part 25
number of vertices# 
10
vertices (x,y)#
	1136.00 -222.00
	1136.00 -28.00
	975.00 26.00
	148.00 258.00
	-57.00 164.00
	-68.00 84.00
	-54.00 39.00
	275.00 -571.00
	563.00 -985.00
	1102.00 -997.00
