Number of parts# 
 20
part 1
number of vertices# 
12
vertices (x,y)#
	269.00 -542.00
	388.00 -505.00
	489.00 -450.00
	526.00 -360.00
	517.00 -176.00
	507.00 -98.00
	416.00 107.00
	294.00 105.00
	-122.00 -2.00
	-28.00 -242.00
	98.00 -497.00
	202.00 -542.00
part 2
number of vertices# 
13
vertices (x,y)#
	388.00 -505.00
	427.00 -495.00
	528.00 -440.00
	565.00 -350.00
	583.00 103.00
	574.00 287.00
	564.00 365.00
	148.00 258.00
	81.00 238.00
	0.00 0.00
	91.00 -205.00
	217.00 -460.00
	321.00 -505.00
part 3
number of vertices# 
12
vertices (x,y)#
	540.00 -589.00
	578.00 -586.00
	679.00 -531.00
	757.00 -464.00
	794.00 -374.00
	785.00 -190.00
	775.00 -112.00
	630.00 -125.00
	214.00 -232.00
	340.00 -487.00
	369.00 -544.00
	473.00 -589.00
part 4
number of vertices# 
13
vertices (x,y)#
	511.00 -532.00
	656.00 -519.00
	757.00 -464.00
	834.00 -401.00
	871.00 -311.00
	862.00 -127.00
	852.00 -49.00
	564.00 365.00
	148.00 258.00
	130.00 -195.00
	256.00 -450.00
	340.00 -487.00
	444.00 -532.00
part 5
number of vertices# 
12
vertices (x,y)#
	1272.00 -468.00
	1373.00 -413.00
	1410.00 -323.00
	1410.00 -129.00
	1401.00 55.00
	1391.00 133.00
	564.00 365.00
	148.00 258.00
	274.00 3.00
	562.00 -411.00
	666.00 -456.00
	1205.00 -468.00
part 6
number of vertices# 
10
vertices (x,y)#
	388.00 -135.00
	507.00 -98.00
	504.00 34.00
	491.00 92.00
	400.00 297.00
	278.00 295.00
	-122.00 85.00
	-176.00 53.00
	-82.00 -187.00
	-28.00 -242.00
part 7
number of vertices# 
11
vertices (x,y)#
	130.00 -195.00
	546.00 -88.00
	564.00 365.00
	561.00 497.00
	548.00 555.00
	481.00 535.00
	81.00 325.00
	27.00 293.00
	-54.00 55.00
	37.00 -150.00
	91.00 -205.00
part 8
number of vertices# 
10
vertices (x,y)#
	281.00 -286.00
	697.00 -179.00
	775.00 -112.00
	772.00 20.00
	759.00 78.00
	614.00 65.00
	214.00 -145.00
	160.00 -177.00
	189.00 -234.00
	243.00 -289.00
part 9
number of vertices# 
11
vertices (x,y)#
	359.00 -219.00
	775.00 -112.00
	852.00 -49.00
	849.00 83.00
	836.00 141.00
	548.00 555.00
	148.00 345.00
	94.00 313.00
	76.00 -140.00
	130.00 -195.00
	214.00 -232.00
part 10
number of vertices# 
10
vertices (x,y)#
	1391.00 -61.00
	1391.00 133.00
	1388.00 265.00
	1375.00 323.00
	548.00 555.00
	148.00 345.00
	94.00 313.00
	382.00 -101.00
	436.00 -156.00
	975.00 -168.00
part 11
number of vertices# 
11
vertices (x,y)#
	91.00 -118.00
	491.00 92.00
	522.00 163.00
	542.00 231.00
	539.00 279.00
	448.00 484.00
	257.00 549.00
	135.00 547.00
	-85.00 201.00
	-122.00 85.00
	-28.00 -155.00
part 12
number of vertices# 
12
vertices (x,y)#
	130.00 -108.00
	530.00 102.00
	561.00 173.00
	581.00 241.00
	599.00 694.00
	596.00 742.00
	405.00 807.00
	338.00 787.00
	118.00 441.00
	37.00 203.00
	-0.00 87.00
	91.00 -118.00
part 13
number of vertices# 
11
vertices (x,y)#
	281.00 -199.00
	681.00 11.00
	759.00 78.00
	790.00 149.00
	810.00 217.00
	807.00 265.00
	616.00 330.00
	471.00 317.00
	251.00 -29.00
	214.00 -145.00
	243.00 -202.00
part 14
number of vertices# 
12
vertices (x,y)#
	359.00 -132.00
	759.00 78.00
	836.00 141.00
	867.00 212.00
	887.00 280.00
	884.00 328.00
	596.00 742.00
	405.00 807.00
	185.00 461.00
	148.00 345.00
	130.00 -108.00
	214.00 -145.00
part 15
number of vertices# 
11
vertices (x,y)#
	1375.00 129.00
	1406.00 200.00
	1426.00 268.00
	1426.00 462.00
	1423.00 510.00
	1232.00 575.00
	405.00 807.00
	185.00 461.00
	148.00 345.00
	436.00 -69.00
	975.00 -81.00
part 16
number of vertices# 
7
vertices (x,y)#
	128.00 -2.00
	348.00 344.00
	257.00 549.00
	39.00 552.00
	-83.00 550.00
	-85.00 201.00
	9.00 -39.00
part 17
number of vertices# 
8
vertices (x,y)#
	167.00 8.00
	387.00 354.00
	405.00 807.00
	187.00 810.00
	120.00 790.00
	39.00 552.00
	37.00 203.00
	128.00 -2.00
part 18
number of vertices# 
7
vertices (x,y)#
	318.00 -83.00
	396.00 -16.00
	616.00 330.00
	398.00 333.00
	253.00 320.00
	251.00 -29.00
	280.00 -86.00
part 19
number of vertices# 
8
vertices (x,y)#
	396.00 -16.00
	473.00 47.00
	693.00 393.00
	405.00 807.00
	187.00 810.00
	169.00 357.00
	167.00 8.00
	251.00 -29.00
part 20
number of vertices# 
7
vertices (x,y)#
	1232.00 381.00
	1232.00 575.00
	405.00 807.00
	187.00 810.00
	185.00 461.00
	473.00 47.00
	1012.00 35.00
