Number of parts# 
 8
part 1
number of vertices# 
11
vertices (x,y)#
	255.00 126.00
	300.00 230.00
	300.00 488.00
	245.00 589.00
	155.00 626.00
	-229.00 745.00
	-413.00 736.00
	-491.00 726.00
	-491.00 656.00
	-384.00 240.00
	0.00 0.00
part 2
number of vertices# 
12
vertices (x,y)#
	0.00 0.00
	255.00 126.00
	300.00 230.00
	300.00 297.00
	245.00 398.00
	-139.00 638.00
	-229.00 675.00
	-604.00 676.00
	-788.00 667.00
	-866.00 657.00
	-865.00 416.00
	-758.00 0.00
part 3
number of vertices# 
10
vertices (x,y)#
	0.00 0.00
	0.00 191.00
	-107.00 607.00
	-491.00 726.00
	-623.00 723.00
	-681.00 710.00
	-681.00 640.00
	-471.00 240.00
	-439.00 186.00
	-55.00 -54.00
part 4
number of vertices# 
10
vertices (x,y)#
	-55.00 -54.00
	0.00 0.00
	-107.00 416.00
	-491.00 656.00
	-866.00 657.00
	-998.00 654.00
	-1056.00 641.00
	-1055.00 400.00
	-845.00 0.00
	-813.00 -54.00
part 5
number of vertices# 
11
vertices (x,y)#
	-87.00 191.00
	-297.00 591.00
	-368.00 622.00
	-752.00 741.00
	-820.00 761.00
	-868.00 758.00
	-933.00 567.00
	-933.00 497.00
	-587.00 277.00
	-203.00 37.00
	-87.00 -0.00
part 6
number of vertices# 
11
vertices (x,y)#
	-87.00 0.00
	-297.00 400.00
	-681.00 640.00
	-752.00 671.00
	-820.00 691.00
	-1195.00 692.00
	-1243.00 689.00
	-1308.00 498.00
	-1307.00 257.00
	-961.00 37.00
	-845.00 -0.00
part 7
number of vertices# 
7
vertices (x,y)#
	-203.00 228.00
	-549.00 448.00
	-933.00 567.00
	-936.00 349.00
	-936.00 279.00
	-552.00 39.00
	-203.00 37.00
part 8
number of vertices# 
7
vertices (x,y)#
	-203.00 37.00
	-549.00 257.00
	-933.00 497.00
	-1308.00 498.00
	-1311.00 280.00
	-1310.00 39.00
	-961.00 37.00
