Number of parts# 
 25
part 1
number of vertices# 
9
vertices (x,y)#
	271.00 -273.00
	336.00 -233.00
	299.00 -114.00
	205.00 91.00
	108.00 84.00
	-97.00 -7.00
	-95.00 -129.00
	-20.00 -360.00
	31.00 -367.00
part 2
number of vertices# 
10
vertices (x,y)#
	234.00 -154.00
	299.00 -114.00
	289.00 -75.00
	195.00 130.00
	-258.00 148.00
	-355.00 141.00
	-335.00 74.00
	-260.00 -157.00
	-22.00 -238.00
	29.00 -245.00
part 3
number of vertices# 
9
vertices (x,y)#
	318.00 -2.00
	383.00 38.00
	380.00 76.00
	286.00 281.00
	219.00 359.00
	122.00 352.00
	135.00 207.00
	210.00 -24.00
	261.00 -31.00
part 4
number of vertices# 
10
vertices (x,y)#
	289.00 -75.00
	326.00 9.00
	313.00 154.00
	219.00 359.00
	156.00 436.00
	59.00 429.00
	-355.00 141.00
	-280.00 -90.00
	-229.00 -97.00
	224.00 -115.00
part 5
number of vertices# 
9
vertices (x,y)#
	-164.00 -57.00
	250.00 231.00
	262.00 770.00
	168.00 975.00
	-26.00 975.00
	-123.00 968.00
	-355.00 141.00
	-280.00 -90.00
	-229.00 -97.00
part 6
number of vertices# 
8
vertices (x,y)#
	581.00 -288.00
	587.00 -251.00
	550.00 -132.00
	424.00 -111.00
	219.00 -202.00
	221.00 -324.00
	264.00 -378.00
	341.00 -382.00
part 7
number of vertices# 
9
vertices (x,y)#
	544.00 -169.00
	550.00 -132.00
	540.00 -93.00
	414.00 -72.00
	-39.00 -54.00
	-19.00 -121.00
	24.00 -175.00
	262.00 -256.00
	339.00 -260.00
part 8
number of vertices# 
8
vertices (x,y)#
	628.00 -17.00
	634.00 20.00
	631.00 58.00
	564.00 136.00
	438.00 157.00
	451.00 12.00
	494.00 -42.00
	571.00 -46.00
part 9
number of vertices# 
9
vertices (x,y)#
	571.00 -46.00
	577.00 -9.00
	564.00 136.00
	501.00 213.00
	375.00 234.00
	-39.00 -54.00
	4.00 -108.00
	81.00 -112.00
	534.00 -130.00
part 10
number of vertices# 
8
vertices (x,y)#
	495.00 176.00
	501.00 213.00
	513.00 752.00
	387.00 773.00
	193.00 773.00
	-39.00 -54.00
	4.00 -108.00
	81.00 -112.00
part 11
number of vertices# 
9
vertices (x,y)#
	1236.00 -294.00
	1239.00 -83.00
	1202.00 36.00
	1141.00 33.00
	802.00 -100.00
	597.00 -191.00
	599.00 -313.00
	631.00 -346.00
	996.00 -388.00
part 12
number of vertices# 
10
vertices (x,y)#
	1199.00 -175.00
	1202.00 36.00
	1192.00 75.00
	739.00 93.00
	678.00 90.00
	339.00 -43.00
	359.00 -110.00
	391.00 -143.00
	629.00 -224.00
	994.00 -266.00
part 13
number of vertices# 
9
vertices (x,y)#
	1283.00 -23.00
	1286.00 188.00
	1283.00 226.00
	1216.00 304.00
	1155.00 301.00
	816.00 168.00
	829.00 23.00
	861.00 -10.00
	1226.00 -52.00
part 14
number of vertices# 
10
vertices (x,y)#
	1226.00 -52.00
	1229.00 159.00
	1216.00 304.00
	1153.00 381.00
	1092.00 378.00
	753.00 245.00
	339.00 -43.00
	371.00 -76.00
	736.00 -118.00
	1189.00 -136.00
part 15
number of vertices# 
9
vertices (x,y)#
	1150.00 170.00
	1162.00 709.00
	1165.00 920.00
	971.00 920.00
	910.00 917.00
	571.00 784.00
	339.00 -43.00
	371.00 -76.00
	736.00 -118.00
part 16
number of vertices# 
10
vertices (x,y)#
	599.00 -313.00
	839.00 -219.00
	1178.00 -86.00
	1141.00 33.00
	1095.00 171.00
	1034.00 218.00
	829.00 127.00
	219.00 -202.00
	221.00 -324.00
	347.00 -345.00
part 17
number of vertices# 
11
vertices (x,y)#
	597.00 -191.00
	936.00 -58.00
	1141.00 33.00
	1131.00 72.00
	1085.00 210.00
	1024.00 257.00
	571.00 275.00
	-39.00 -54.00
	-19.00 -121.00
	219.00 -202.00
	345.00 -223.00
part 18
number of vertices# 
10
vertices (x,y)#
	829.00 23.00
	1168.00 156.00
	1225.00 185.00
	1222.00 223.00
	1176.00 361.00
	1109.00 439.00
	1048.00 486.00
	438.00 157.00
	451.00 12.00
	577.00 -9.00
part 19
number of vertices# 
11
vertices (x,y)#
	792.00 -61.00
	1131.00 72.00
	1168.00 156.00
	1155.00 301.00
	1109.00 439.00
	1046.00 516.00
	985.00 563.00
	375.00 234.00
	-39.00 -54.00
	87.00 -75.00
	540.00 -93.00
part 20
number of vertices# 
10
vertices (x,y)#
	339.00 -43.00
	678.00 90.00
	1092.00 378.00
	1104.00 917.00
	1058.00 1055.00
	997.00 1102.00
	803.00 1102.00
	193.00 773.00
	-39.00 -54.00
	87.00 -75.00
part 21
number of vertices# 
10
vertices (x,y)#
	221.00 -324.00
	461.00 -230.00
	1071.00 99.00
	1034.00 218.00
	259.00 252.00
	54.00 161.00
	0.00 0.00
	2.00 -122.00
	96.00 -327.00
	176.00 -338.00
part 22
number of vertices# 
11
vertices (x,y)#
	219.00 -202.00
	424.00 -111.00
	1034.00 218.00
	1024.00 257.00
	249.00 291.00
	-204.00 309.00
	-258.00 148.00
	-238.00 81.00
	-144.00 -124.00
	94.00 -205.00
	174.00 -216.00
part 23
number of vertices# 
10
vertices (x,y)#
	451.00 12.00
	508.00 41.00
	1118.00 370.00
	1115.00 408.00
	1048.00 486.00
	273.00 520.00
	219.00 359.00
	232.00 214.00
	326.00 9.00
	406.00 -2.00
part 24
number of vertices# 
11
vertices (x,y)#
	414.00 -72.00
	1024.00 257.00
	1061.00 341.00
	1048.00 486.00
	985.00 563.00
	210.00 597.00
	-204.00 309.00
	-258.00 148.00
	-164.00 -57.00
	-84.00 -68.00
	369.00 -86.00
part 25
number of vertices# 
10
vertices (x,y)#
	-39.00 -54.00
	571.00 275.00
	985.00 563.00
	997.00 1102.00
	222.00 1136.00
	28.00 1136.00
	-26.00 975.00
	-258.00 148.00
	-164.00 -57.00
	-84.00 -68.00
