Number of parts# 
 10
part 1
number of vertices# 
8
vertices (x,y)#
	0.00 0.00
	-7.00 97.00
	-36.00 177.00
	-104.00 161.00
	-335.00 86.00
	-342.00 35.00
	-302.00 -30.00
	-205.00 -94.00
part 2
number of vertices# 
10
vertices (x,y)#
	-79.00 -266.00
	126.00 -172.00
	119.00 -75.00
	-7.00 97.00
	-104.00 161.00
	-620.00 183.00
	-851.00 108.00
	-858.00 57.00
	-864.00 -225.00
	-824.00 -290.00
part 3
number of vertices# 
7
vertices (x,y)#
	-202.00 -219.00
	-231.00 -139.00
	-299.00 -155.00
	-353.00 -198.00
	-357.00 -275.00
	-260.00 -339.00
	-223.00 -345.00
part 4
number of vertices# 
9
vertices (x,y)#
	-97.00 -517.00
	-76.00 -391.00
	-202.00 -219.00
	-299.00 -155.00
	-815.00 -133.00
	-869.00 -176.00
	-873.00 -253.00
	-879.00 -535.00
	-842.00 -541.00
part 5
number of vertices# 
8
vertices (x,y)#
	-58.00 -936.00
	-87.00 -856.00
	-220.00 -517.00
	-288.00 -533.00
	-321.00 -565.00
	-363.00 -930.00
	-266.00 -994.00
	-55.00 -997.00
part 6
number of vertices# 
10
vertices (x,y)#
	71.00 -1169.00
	68.00 -1108.00
	-65.00 -769.00
	-191.00 -597.00
	-288.00 -533.00
	-804.00 -511.00
	-837.00 -543.00
	-879.00 -908.00
	-885.00 -1190.00
	-674.00 -1193.00
part 7
number of vertices# 
9
vertices (x,y)#
	80.00 -890.00
	127.00 -829.00
	98.00 -749.00
	-231.00 -139.00
	-299.00 -155.00
	-320.00 -281.00
	-288.00 -533.00
	-155.00 -872.00
	-58.00 -936.00
part 8
number of vertices# 
11
vertices (x,y)#
	68.00 -1108.00
	206.00 -1062.00
	253.00 -1001.00
	-76.00 -391.00
	-202.00 -219.00
	-299.00 -155.00
	-815.00 -133.00
	-836.00 -259.00
	-842.00 -541.00
	-810.00 -793.00
	-677.00 -1132.00
part 9
number of vertices# 
9
vertices (x,y)#
	161.00 -54.00
	132.00 26.00
	-29.00 80.00
	-97.00 64.00
	-302.00 -30.00
	-313.00 -110.00
	-299.00 -155.00
	30.00 -765.00
	127.00 -829.00
part 10
number of vertices# 
11
vertices (x,y)#
	253.00 -1001.00
	287.00 -226.00
	161.00 -54.00
	64.00 10.00
	-97.00 64.00
	-613.00 86.00
	-818.00 -8.00
	-829.00 -88.00
	-835.00 -370.00
	-821.00 -415.00
	-492.00 -1025.00
