Number of parts# 
 16
part 1
number of vertices# 
12
vertices (x,y)#
	416.00 -347.00
	517.00 -292.00
	554.00 -202.00
	602.00 93.00
	593.00 277.00
	583.00 355.00
	564.00 456.00
	148.00 349.00
	-0.00 0.00
	126.00 -255.00
	230.00 -300.00
	349.00 -347.00
part 2
number of vertices# 
12
vertices (x,y)#
	223.00 -303.00
	297.00 -300.00
	398.00 -245.00
	546.00 104.00
	583.00 194.00
	574.00 378.00
	564.00 456.00
	-514.00 467.00
	-930.00 360.00
	-804.00 105.00
	-700.00 60.00
	156.00 -303.00
part 3
number of vertices# 
12
vertices (x,y)#
	94.00 -326.00
	223.00 -303.00
	324.00 -248.00
	361.00 -158.00
	352.00 26.00
	342.00 104.00
	-514.00 467.00
	-930.00 360.00
	-804.00 105.00
	-326.00 -189.00
	-222.00 -234.00
	27.00 -326.00
part 4
number of vertices# 
11
vertices (x,y)#
	-155.00 -234.00
	-54.00 -179.00
	-17.00 -89.00
	-26.00 95.00
	-36.00 173.00
	-514.00 467.00
	-930.00 360.00
	-920.00 68.00
	-794.00 -187.00
	-690.00 -232.00
	-222.00 -234.00
part 5
number of vertices# 
10
vertices (x,y)#
	535.00 60.00
	583.00 355.00
	580.00 487.00
	561.00 588.00
	548.00 646.00
	148.00 436.00
	94.00 404.00
	-54.00 55.00
	-0.00 0.00
	119.00 -47.00
part 6
number of vertices# 
10
vertices (x,y)#
	0.00 0.00
	416.00 107.00
	564.00 456.00
	561.00 588.00
	548.00 646.00
	-530.00 657.00
	-930.00 447.00
	-984.00 415.00
	-930.00 360.00
	-74.00 -3.00
part 7
number of vertices# 
10
vertices (x,y)#
	-74.00 -3.00
	342.00 104.00
	339.00 236.00
	326.00 294.00
	-530.00 657.00
	-930.00 447.00
	-984.00 415.00
	-930.00 360.00
	-452.00 66.00
	-203.00 -26.00
part 8
number of vertices# 
9
vertices (x,y)#
	-36.00 173.00
	-39.00 305.00
	-52.00 363.00
	-530.00 657.00
	-930.00 447.00
	-984.00 415.00
	-974.00 123.00
	-920.00 68.00
	-452.00 66.00
part 9
number of vertices# 
11
vertices (x,y)#
	519.00 250.00
	550.00 321.00
	570.00 389.00
	618.00 684.00
	615.00 732.00
	596.00 833.00
	405.00 898.00
	185.00 552.00
	37.00 203.00
	-0.00 87.00
	119.00 40.00
part 10
number of vertices# 
11
vertices (x,y)#
	0.00 87.00
	400.00 297.00
	431.00 368.00
	579.00 717.00
	599.00 785.00
	596.00 833.00
	405.00 898.00
	-673.00 909.00
	-893.00 563.00
	-930.00 447.00
	-74.00 84.00
part 11
number of vertices# 
11
vertices (x,y)#
	-74.00 84.00
	326.00 294.00
	357.00 365.00
	377.00 433.00
	374.00 481.00
	-482.00 844.00
	-673.00 909.00
	-893.00 563.00
	-930.00 447.00
	-452.00 153.00
	-203.00 61.00
part 12
number of vertices# 
10
vertices (x,y)#
	-52.00 363.00
	-21.00 434.00
	-1.00 502.00
	-4.00 550.00
	-482.00 844.00
	-673.00 909.00
	-893.00 563.00
	-930.00 447.00
	-920.00 155.00
	-452.00 153.00
part 13
number of vertices# 
7
vertices (x,y)#
	376.00 502.00
	424.00 797.00
	405.00 898.00
	187.00 901.00
	39.00 552.00
	37.00 203.00
	156.00 156.00
part 14
number of vertices# 
7
vertices (x,y)#
	37.00 203.00
	257.00 549.00
	405.00 898.00
	187.00 901.00
	-891.00 912.00
	-893.00 563.00
	-37.00 200.00
part 15
number of vertices# 
7
vertices (x,y)#
	-37.00 200.00
	183.00 546.00
	-673.00 909.00
	-891.00 912.00
	-893.00 563.00
	-415.00 269.00
	-166.00 177.00
part 16
number of vertices# 
6
vertices (x,y)#
	-195.00 615.00
	-673.00 909.00
	-891.00 912.00
	-893.00 563.00
	-883.00 271.00
	-415.00 269.00
