Number of parts# 
 4
part 1
number of vertices# 
12
vertices (x,y)#
	239.00 -1.00
	242.00 79.00
	116.00 334.00
	12.00 379.00
	-55.00 379.00
	-297.00 377.00
	-398.00 322.00
	-435.00 232.00
	-435.00 155.00
	-426.00 -29.00
	-416.00 -107.00
	-177.00 -108.00
part 2
number of vertices# 
10
vertices (x,y)#
	239.00 -88.00
	293.00 -56.00
	296.00 24.00
	242.00 79.00
	0.00 77.00
	-416.00 -30.00
	-416.00 -107.00
	-413.00 -239.00
	-400.00 -297.00
	-161.00 -298.00
part 3
number of vertices# 
11
vertices (x,y)#
	202.00 -204.00
	239.00 -88.00
	242.00 -8.00
	-0.00 -10.00
	-400.00 -220.00
	-431.00 -291.00
	-451.00 -359.00
	-451.00 -436.00
	-448.00 -484.00
	-257.00 -549.00
	-18.00 -550.00
part 4
number of vertices# 
7
vertices (x,y)#
	203.00 -473.00
	205.00 -124.00
	-37.00 -126.00
	-257.00 -472.00
	-257.00 -549.00
	-39.00 -552.00
	200.00 -553.00
