Number of parts# 
 25
part 1
number of vertices# 
10
vertices (x,y)#
	126.00 -238.00
	191.00 -198.00
	116.00 33.00
	22.00 238.00
	-29.00 245.00
	-126.00 238.00
	-191.00 198.00
	-116.00 -33.00
	-22.00 -238.00
	29.00 -245.00
part 2
number of vertices# 
9
vertices (x,y)#
	436.00 -253.00
	442.00 -216.00
	367.00 15.00
	241.00 36.00
	190.00 43.00
	125.00 3.00
	219.00 -202.00
	262.00 -256.00
	339.00 -260.00
part 3
number of vertices# 
10
vertices (x,y)#
	1091.00 -259.00
	1094.00 -48.00
	1019.00 183.00
	968.00 190.00
	907.00 187.00
	568.00 54.00
	503.00 14.00
	597.00 -191.00
	629.00 -224.00
	994.00 -266.00
part 4
number of vertices# 
11
vertices (x,y)#
	442.00 -216.00
	694.00 -184.00
	1033.00 -51.00
	958.00 180.00
	912.00 318.00
	851.00 365.00
	800.00 372.00
	190.00 43.00
	125.00 3.00
	219.00 -202.00
	345.00 -223.00
part 5
number of vertices# 
10
vertices (x,y)#
	271.00 -209.00
	316.00 -195.00
	926.00 134.00
	851.00 365.00
	800.00 372.00
	25.00 406.00
	-40.00 366.00
	-94.00 205.00
	94.00 -205.00
	174.00 -216.00
part 6
number of vertices# 
9
vertices (x,y)#
	-125.00 -3.00
	-219.00 202.00
	-262.00 256.00
	-339.00 260.00
	-436.00 253.00
	-442.00 216.00
	-367.00 -15.00
	-241.00 -36.00
	-190.00 -43.00
part 7
number of vertices# 
8
vertices (x,y)#
	126.00 -21.00
	83.00 33.00
	-43.00 54.00
	-120.00 58.00
	-126.00 21.00
	-83.00 -33.00
	43.00 -54.00
	120.00 -58.00
part 8
number of vertices# 
9
vertices (x,y)#
	778.00 147.00
	735.00 201.00
	658.00 205.00
	597.00 202.00
	258.00 69.00
	252.00 32.00
	284.00 -1.00
	410.00 -22.00
	775.00 -64.00
part 9
number of vertices# 
9
vertices (x,y)#
	378.00 11.00
	717.00 144.00
	671.00 282.00
	628.00 336.00
	567.00 383.00
	490.00 387.00
	-120.00 58.00
	-126.00 21.00
	126.00 -21.00
part 10
number of vertices# 
10
vertices (x,y)#
	0.00 -0.00
	610.00 329.00
	567.00 383.00
	490.00 387.00
	-285.00 421.00
	-339.00 260.00
	-345.00 223.00
	-251.00 18.00
	-125.00 -3.00
	-45.00 -14.00
part 11
number of vertices# 
10
vertices (x,y)#
	-907.00 -187.00
	-568.00 -54.00
	-503.00 -14.00
	-597.00 191.00
	-629.00 224.00
	-994.00 266.00
	-1091.00 259.00
	-1094.00 48.00
	-1019.00 -183.00
	-968.00 -190.00
part 12
number of vertices# 
9
vertices (x,y)#
	-597.00 -202.00
	-258.00 -69.00
	-252.00 -32.00
	-284.00 1.00
	-410.00 22.00
	-775.00 64.00
	-778.00 -147.00
	-735.00 -201.00
	-658.00 -205.00
part 13
number of vertices# 
10
vertices (x,y)#
	58.00 -208.00
	397.00 -75.00
	400.00 136.00
	368.00 169.00
	3.00 211.00
	-58.00 208.00
	-397.00 75.00
	-400.00 -136.00
	-368.00 -169.00
	-3.00 -211.00
part 14
number of vertices# 
10
vertices (x,y)#
	-591.00 -165.00
	-339.00 -133.00
	339.00 133.00
	293.00 271.00
	261.00 304.00
	200.00 351.00
	-165.00 393.00
	-775.00 64.00
	-778.00 -147.00
	-652.00 -168.00
part 15
number of vertices# 
11
vertices (x,y)#
	-762.00 -158.00
	-717.00 -144.00
	-378.00 -11.00
	232.00 318.00
	200.00 351.00
	-165.00 393.00
	-940.00 427.00
	-994.00 266.00
	-997.00 55.00
	-903.00 -150.00
	-823.00 -161.00
part 16
number of vertices# 
11
vertices (x,y)#
	-190.00 -43.00
	-125.00 -3.00
	-219.00 202.00
	-345.00 223.00
	-442.00 216.00
	-694.00 184.00
	-1033.00 51.00
	-958.00 -180.00
	-912.00 -318.00
	-851.00 -365.00
	-800.00 -372.00
part 17
number of vertices# 
9
vertices (x,y)#
	120.00 -58.00
	126.00 -21.00
	-126.00 21.00
	-378.00 -11.00
	-717.00 -144.00
	-671.00 -282.00
	-628.00 -336.00
	-567.00 -383.00
	-490.00 -387.00
part 18
number of vertices# 
10
vertices (x,y)#
	775.00 -64.00
	778.00 147.00
	652.00 168.00
	591.00 165.00
	339.00 133.00
	-339.00 -133.00
	-293.00 -271.00
	-261.00 -304.00
	-200.00 -351.00
	165.00 -393.00
part 19
number of vertices# 
12
vertices (x,y)#
	-232.00 -318.00
	107.00 -185.00
	717.00 144.00
	671.00 282.00
	610.00 329.00
	484.00 350.00
	232.00 318.00
	-107.00 185.00
	-717.00 -144.00
	-671.00 -282.00
	-610.00 -329.00
	-484.00 -350.00
part 20
number of vertices# 
11
vertices (x,y)#
	-610.00 -329.00
	610.00 329.00
	484.00 350.00
	-291.00 384.00
	-543.00 352.00
	-882.00 219.00
	-936.00 58.00
	-890.00 -80.00
	-796.00 -285.00
	-735.00 -332.00
	-655.00 -343.00
part 21
number of vertices# 
10
vertices (x,y)#
	40.00 -366.00
	94.00 -205.00
	-94.00 205.00
	-174.00 216.00
	-271.00 209.00
	-316.00 195.00
	-926.00 -134.00
	-851.00 -365.00
	-800.00 -372.00
	-25.00 -406.00
part 22
number of vertices# 
10
vertices (x,y)#
	339.00 -260.00
	345.00 -223.00
	251.00 -18.00
	125.00 3.00
	45.00 14.00
	-0.00 -0.00
	-610.00 -329.00
	-567.00 -383.00
	-490.00 -387.00
	285.00 -421.00
part 23
number of vertices# 
11
vertices (x,y)#
	994.00 -266.00
	997.00 -55.00
	903.00 150.00
	823.00 161.00
	762.00 158.00
	717.00 144.00
	378.00 11.00
	-232.00 -318.00
	-200.00 -351.00
	165.00 -393.00
	940.00 -427.00
part 24
number of vertices# 
11
vertices (x,y)#
	543.00 -352.00
	882.00 -219.00
	936.00 -58.00
	890.00 80.00
	796.00 285.00
	735.00 332.00
	655.00 343.00
	610.00 329.00
	-610.00 -329.00
	-484.00 -350.00
	291.00 -384.00
part 25
number of vertices# 
12
vertices (x,y)#
	165.00 -363.00
	775.00 -34.00
	829.00 127.00
	735.00 332.00
	655.00 343.00
	-120.00 377.00
	-165.00 363.00
	-775.00 34.00
	-829.00 -127.00
	-735.00 -332.00
	-655.00 -343.00
	120.00 -377.00
