Number of parts# 
 4
part 1
number of vertices# 
12
vertices (x,y)#
	0.00 0.00
	0.00 177.00
	-126.00 432.00
	-276.00 507.00
	-380.00 552.00
	-447.00 552.00
	-548.00 497.00
	-585.00 407.00
	-583.00 232.00
	-574.00 48.00
	-564.00 -30.00
	-416.00 -107.00
part 2
number of vertices# 
10
vertices (x,y)#
	0.00 -87.00
	54.00 -55.00
	54.00 122.00
	0.00 177.00
	-150.00 252.00
	-566.00 145.00
	-564.00 -30.00
	-561.00 -162.00
	-548.00 -220.00
	-400.00 -297.00
part 3
number of vertices# 
11
vertices (x,y)#
	-37.00 -203.00
	-0.00 -87.00
	0.00 90.00
	-150.00 165.00
	-550.00 -45.00
	-581.00 -116.00
	-601.00 -184.00
	-599.00 -359.00
	-596.00 -407.00
	-448.00 -484.00
	-257.00 -549.00
part 4
number of vertices# 
7
vertices (x,y)#
	-37.00 -203.00
	-37.00 -26.00
	-187.00 49.00
	-407.00 -297.00
	-405.00 -472.00
	-257.00 -549.00
	-39.00 -552.00
