Number of parts# 
 25
part 1
number of vertices# 
5
vertices (x,y)#
	188.00 -410.00
	0.00 0.00
	-194.00 -14.00
	-44.00 -476.00
	58.00 -490.00
part 2
number of vertices# 
9
vertices (x,y)#
	433.00 -465.00
	439.00 -428.00
	345.00 -223.00
	219.00 -202.00
	122.00 -209.00
	197.00 -440.00
	240.00 -494.00
	291.00 -501.00
	368.00 -505.00
part 3
number of vertices# 
10
vertices (x,y)#
	1088.00 -471.00
	1091.00 -260.00
	997.00 -55.00
	936.00 -58.00
	839.00 -65.00
	500.00 -198.00
	575.00 -429.00
	607.00 -462.00
	658.00 -469.00
	1023.00 -511.00
part 4
number of vertices# 
11
vertices (x,y)#
	626.00 -436.00
	965.00 -303.00
	1030.00 -263.00
	984.00 -125.00
	890.00 80.00
	829.00 127.00
	732.00 120.00
	122.00 -209.00
	197.00 -440.00
	323.00 -461.00
	374.00 -468.00
part 5
number of vertices# 
11
vertices (x,y)#
	248.00 -447.00
	858.00 -118.00
	923.00 -78.00
	829.00 127.00
	54.00 161.00
	-43.00 154.00
	-97.00 -7.00
	-22.00 -238.00
	72.00 -443.00
	152.00 -454.00
	203.00 -461.00
part 6
number of vertices# 
9
vertices (x,y)#
	433.00 -465.00
	439.00 -428.00
	345.00 -223.00
	219.00 -202.00
	122.00 -209.00
	197.00 -440.00
	240.00 -494.00
	291.00 -501.00
	368.00 -505.00
part 7
number of vertices# 
4
vertices (x,y)#
	690.00 -446.00
	438.00 -404.00
	524.00 -512.00
	678.00 -520.00
part 8
number of vertices# 
9
vertices (x,y)#
	1339.00 -489.00
	1342.00 -278.00
	1216.00 -257.00
	1155.00 -260.00
	816.00 -393.00
	859.00 -447.00
	891.00 -480.00
	1256.00 -522.00
	1333.00 -526.00
part 9
number of vertices# 
10
vertices (x,y)#
	936.00 -451.00
	1275.00 -318.00
	1281.00 -281.00
	1235.00 -143.00
	1174.00 -96.00
	1048.00 -75.00
	438.00 -404.00
	481.00 -458.00
	607.00 -479.00
	684.00 -483.00
part 10
number of vertices# 
10
vertices (x,y)#
	558.00 -462.00
	1168.00 -133.00
	1174.00 -96.00
	1048.00 -75.00
	273.00 -41.00
	219.00 -202.00
	313.00 -407.00
	356.00 -461.00
	436.00 -472.00
	513.00 -476.00
part 11
number of vertices# 
10
vertices (x,y)#
	1088.00 -471.00
	1091.00 -260.00
	997.00 -55.00
	936.00 -58.00
	839.00 -65.00
	500.00 -198.00
	575.00 -429.00
	607.00 -462.00
	658.00 -469.00
	1023.00 -511.00
part 12
number of vertices# 
9
vertices (x,y)#
	1339.00 -489.00
	1342.00 -278.00
	1216.00 -257.00
	1155.00 -260.00
	816.00 -393.00
	859.00 -447.00
	891.00 -480.00
	1256.00 -522.00
	1333.00 -526.00
part 13
number of vertices# 
5
vertices (x,y)#
	1994.00 -110.00
	1872.00 -116.00
	1194.00 -382.00
	1258.00 -448.00
	1988.00 -532.00
part 14
number of vertices# 
11
vertices (x,y)#
	1591.00 -457.00
	1930.00 -324.00
	1933.00 -113.00
	1887.00 25.00
	1826.00 72.00
	1765.00 69.00
	1426.00 -64.00
	816.00 -393.00
	848.00 -426.00
	974.00 -447.00
	1339.00 -489.00
part 15
number of vertices# 
11
vertices (x,y)#
	1213.00 -468.00
	1823.00 -139.00
	1826.00 72.00
	1051.00 106.00
	990.00 103.00
	651.00 -30.00
	597.00 -191.00
	691.00 -396.00
	723.00 -429.00
	803.00 -440.00
	1168.00 -482.00
part 16
number of vertices# 
11
vertices (x,y)#
	626.00 -436.00
	965.00 -303.00
	1030.00 -263.00
	984.00 -125.00
	890.00 80.00
	829.00 127.00
	732.00 120.00
	122.00 -209.00
	197.00 -440.00
	323.00 -461.00
	374.00 -468.00
part 17
number of vertices# 
10
vertices (x,y)#
	936.00 -451.00
	1275.00 -318.00
	1281.00 -281.00
	1235.00 -143.00
	1174.00 -96.00
	1048.00 -75.00
	438.00 -404.00
	481.00 -458.00
	607.00 -479.00
	684.00 -483.00
part 18
number of vertices# 
11
vertices (x,y)#
	1591.00 -457.00
	1930.00 -324.00
	1933.00 -113.00
	1887.00 25.00
	1826.00 72.00
	1765.00 69.00
	1426.00 -64.00
	816.00 -393.00
	848.00 -426.00
	974.00 -447.00
	1339.00 -489.00
part 19
number of vertices# 
6
vertices (x,y)#
	1194.00 -382.00
	1872.00 -116.00
	1780.00 160.00
	1658.00 254.00
	438.00 -404.00
	690.00 -446.00
part 20
number of vertices# 
12
vertices (x,y)#
	771.00 -407.00
	816.00 -393.00
	1155.00 -260.00
	1765.00 69.00
	1719.00 207.00
	1658.00 254.00
	883.00 288.00
	273.00 -41.00
	219.00 -202.00
	313.00 -407.00
	439.00 -428.00
	519.00 -439.00
part 21
number of vertices# 
11
vertices (x,y)#
	248.00 -447.00
	858.00 -118.00
	923.00 -78.00
	829.00 127.00
	54.00 161.00
	-43.00 154.00
	-97.00 -7.00
	-22.00 -238.00
	72.00 -443.00
	152.00 -454.00
	203.00 -461.00
part 22
number of vertices# 
10
vertices (x,y)#
	558.00 -462.00
	1168.00 -133.00
	1174.00 -96.00
	1048.00 -75.00
	273.00 -41.00
	219.00 -202.00
	313.00 -407.00
	356.00 -461.00
	436.00 -472.00
	513.00 -476.00
part 23
number of vertices# 
11
vertices (x,y)#
	1213.00 -468.00
	1823.00 -139.00
	1826.00 72.00
	1051.00 106.00
	990.00 103.00
	651.00 -30.00
	597.00 -191.00
	691.00 -396.00
	723.00 -429.00
	803.00 -440.00
	1168.00 -482.00
part 24
number of vertices# 
12
vertices (x,y)#
	771.00 -407.00
	816.00 -393.00
	1155.00 -260.00
	1765.00 69.00
	1719.00 207.00
	1658.00 254.00
	883.00 288.00
	273.00 -41.00
	219.00 -202.00
	313.00 -407.00
	439.00 -428.00
	519.00 -439.00
part 25
number of vertices# 
6
vertices (x,y)#
	438.00 -404.00
	1658.00 254.00
	108.00 322.00
	-0.00 0.00
	188.00 -410.00
	348.00 -432.00
