Number of parts# 
 4
part 1
number of vertices# 
12
vertices (x,y)#
	536.00 -301.00
	637.00 -246.00
	674.00 -156.00
	677.00 -76.00
	668.00 108.00
	658.00 186.00
	416.00 184.00
	0.00 77.00
	-0.00 0.00
	126.00 -255.00
	230.00 -300.00
	469.00 -301.00
part 2
number of vertices# 
10
vertices (x,y)#
	655.00 106.00
	658.00 186.00
	655.00 318.00
	642.00 376.00
	400.00 374.00
	0.00 164.00
	-54.00 132.00
	-54.00 55.00
	-0.00 0.00
	239.00 -1.00
part 3
number of vertices# 
11
vertices (x,y)#
	639.00 296.00
	670.00 367.00
	690.00 435.00
	693.00 515.00
	690.00 563.00
	499.00 628.00
	257.00 626.00
	37.00 280.00
	-0.00 164.00
	-0.00 87.00
	239.00 86.00
part 4
number of vertices# 
7
vertices (x,y)#
	496.00 548.00
	499.00 628.00
	281.00 631.00
	39.00 629.00
	37.00 280.00
	37.00 203.00
	276.00 202.00
