Number of parts# 
 4
part 1
number of vertices# 
12
vertices (x,y)#
	297.00 -575.00
	398.00 -520.00
	435.00 -430.00
	435.00 -155.00
	426.00 29.00
	416.00 107.00
	100.00 105.00
	-316.00 -2.00
	-316.00 -274.00
	-190.00 -529.00
	-86.00 -574.00
	230.00 -575.00
part 2
number of vertices# 
10
vertices (x,y)#
	416.00 -168.00
	416.00 107.00
	413.00 239.00
	400.00 297.00
	84.00 295.00
	-316.00 85.00
	-370.00 53.00
	-370.00 -219.00
	-316.00 -274.00
	0.00 -275.00
part 3
number of vertices# 
11
vertices (x,y)#
	400.00 22.00
	431.00 93.00
	451.00 161.00
	451.00 436.00
	448.00 484.00
	257.00 549.00
	-59.00 547.00
	-279.00 201.00
	-316.00 85.00
	-316.00 -187.00
	0.00 -188.00
part 4
number of vertices# 
7
vertices (x,y)#
	257.00 274.00
	257.00 549.00
	39.00 552.00
	-277.00 550.00
	-279.00 201.00
	-279.00 -71.00
	37.00 -72.00
