Number of parts# 
 10
part 1
number of vertices# 
9
vertices (x,y)#
	481.00 -303.00
	481.00 -233.00
	406.00 -2.00
	22.00 238.00
	-29.00 245.00
	-94.00 205.00
	-94.00 14.00
	0.00 -191.00
	384.00 -310.00
part 2
number of vertices# 
8
vertices (x,y)#
	165.00 -38.00
	122.00 16.00
	-262.00 256.00
	-339.00 260.00
	-345.00 223.00
	-345.00 32.00
	39.00 -87.00
	165.00 -108.00
part 3
number of vertices# 
9
vertices (x,y)#
	-552.00 -252.00
	-213.00 -119.00
	-213.00 -49.00
	-245.00 -16.00
	-629.00 224.00
	-994.00 266.00
	-997.00 55.00
	-997.00 -136.00
	-613.00 -255.00
part 4
number of vertices# 
10
vertices (x,y)#
	165.00 -108.00
	165.00 -38.00
	-219.00 202.00
	-345.00 223.00
	-597.00 191.00
	-936.00 58.00
	-936.00 -133.00
	-890.00 -271.00
	-829.00 -318.00
	-445.00 -437.00
part 5
number of vertices# 
10
vertices (x,y)#
	384.00 -310.00
	384.00 -240.00
	290.00 -35.00
	-94.00 205.00
	-174.00 216.00
	-219.00 202.00
	-829.00 -127.00
	-829.00 -318.00
	-445.00 -437.00
	330.00 -471.00
part 6
number of vertices# 
9
vertices (x,y)#
	856.00 -234.00
	855.00 7.00
	780.00 238.00
	729.00 245.00
	-29.00 245.00
	-94.00 205.00
	0.00 0.00
	384.00 -240.00
	759.00 -241.00
part 7
number of vertices# 
8
vertices (x,y)#
	539.00 202.00
	496.00 256.00
	419.00 260.00
	-339.00 260.00
	-345.00 223.00
	39.00 -17.00
	165.00 -38.00
	540.00 -39.00
part 8
number of vertices# 
9
vertices (x,y)#
	-177.00 -183.00
	162.00 -50.00
	161.00 191.00
	129.00 224.00
	-236.00 266.00
	-994.00 266.00
	-997.00 55.00
	-613.00 -185.00
	-238.00 -186.00
part 9
number of vertices# 
10
vertices (x,y)#
	540.00 -39.00
	539.00 202.00
	413.00 223.00
	-345.00 223.00
	-597.00 191.00
	-936.00 58.00
	-890.00 -80.00
	-829.00 -127.00
	-445.00 -367.00
	-70.00 -368.00
part 10
number of vertices# 
10
vertices (x,y)#
	759.00 -241.00
	758.00 0.00
	664.00 205.00
	584.00 216.00
	-174.00 216.00
	-219.00 202.00
	-829.00 -127.00
	-445.00 -367.00
	330.00 -401.00
	705.00 -402.00
