Number of parts# 
 20
part 1
number of vertices# 
9
vertices (x,y)#
	119.00 -47.00
	167.00 248.00
	160.00 345.00
	141.00 446.00
	-90.00 371.00
	-238.00 22.00
	-245.00 -29.00
	-205.00 -94.00
	-86.00 -141.00
part 2
number of vertices# 
8
vertices (x,y)#
	-83.00 -266.00
	-35.00 29.00
	-54.00 130.00
	-108.00 87.00
	-256.00 -262.00
	-260.00 -339.00
	-141.00 -386.00
	-104.00 -392.00
part 3
number of vertices# 
9
vertices (x,y)#
	112.00 -749.00
	109.00 -688.00
	90.00 -587.00
	-43.00 -248.00
	-76.00 -280.00
	-224.00 -629.00
	-266.00 -994.00
	-147.00 -1041.00
	64.00 -1044.00
part 4
number of vertices# 
10
vertices (x,y)#
	199.00 -937.00
	246.00 -876.00
	294.00 -581.00
	275.00 -480.00
	-54.00 130.00
	-202.00 -219.00
	-223.00 -345.00
	-191.00 -597.00
	-58.00 -936.00
	61.00 -983.00
part 5
number of vertices# 
10
vertices (x,y)#
	294.00 -581.00
	328.00 194.00
	309.00 295.00
	148.00 349.00
	-57.00 255.00
	-205.00 -94.00
	-216.00 -174.00
	-202.00 -219.00
	127.00 -829.00
	246.00 -876.00
part 6
number of vertices# 
9
vertices (x,y)#
	-205.00 -94.00
	0.00 0.00
	148.00 349.00
	141.00 446.00
	-937.00 457.00
	-1168.00 382.00
	-1175.00 331.00
	-1135.00 266.00
	-279.00 -97.00
part 7
number of vertices# 
8
vertices (x,y)#
	-223.00 -345.00
	-75.00 4.00
	-54.00 130.00
	-1132.00 141.00
	-1186.00 98.00
	-1190.00 21.00
	-334.00 -342.00
	-297.00 -348.00
part 8
number of vertices# 
9
vertices (x,y)#
	-55.00 -997.00
	93.00 -648.00
	90.00 -587.00
	-43.00 -248.00
	-1121.00 -237.00
	-1154.00 -269.00
	-1196.00 -634.00
	-340.00 -997.00
	-129.00 -1000.00
part 9
number of vertices# 
10
vertices (x,y)#
	-58.00 -936.00
	80.00 -890.00
	127.00 -829.00
	275.00 -480.00
	-54.00 130.00
	-1132.00 141.00
	-1153.00 15.00
	-1121.00 -237.00
	-988.00 -576.00
	-132.00 -939.00
part 10
number of vertices# 
10
vertices (x,y)#
	127.00 -829.00
	275.00 -480.00
	309.00 295.00
	148.00 349.00
	-930.00 360.00
	-1135.00 266.00
	-1146.00 186.00
	-1132.00 141.00
	-803.00 -469.00
	53.00 -832.00
part 11
number of vertices# 
9
vertices (x,y)#
	-279.00 -97.00
	-74.00 -3.00
	-81.00 94.00
	-937.00 457.00
	-1168.00 382.00
	-1175.00 331.00
	-1135.00 266.00
	-657.00 -28.00
	-408.00 -120.00
part 12
number of vertices# 
8
vertices (x,y)#
	-297.00 -348.00
	-276.00 -222.00
	-1132.00 141.00
	-1186.00 98.00
	-1190.00 21.00
	-712.00 -273.00
	-463.00 -365.00
	-426.00 -371.00
part 13
number of vertices# 
9
vertices (x,y)#
	-129.00 -1000.00
	-132.00 -939.00
	-265.00 -600.00
	-1121.00 -237.00
	-1154.00 -269.00
	-1196.00 -634.00
	-718.00 -928.00
	-469.00 -1020.00
	-258.00 -1023.00
part 14
number of vertices# 
10
vertices (x,y)#
	-132.00 -939.00
	6.00 -893.00
	53.00 -832.00
	-276.00 -222.00
	-1132.00 141.00
	-1153.00 15.00
	-1121.00 -237.00
	-988.00 -576.00
	-510.00 -870.00
	-261.00 -962.00
part 15
number of vertices# 
10
vertices (x,y)#
	53.00 -832.00
	87.00 -57.00
	-769.00 306.00
	-930.00 360.00
	-1135.00 266.00
	-1146.00 186.00
	-1132.00 141.00
	-803.00 -469.00
	-325.00 -763.00
	-76.00 -855.00
part 16
number of vertices# 
8
vertices (x,y)#
	-452.00 66.00
	-459.00 163.00
	-937.00 457.00
	-1168.00 382.00
	-1175.00 331.00
	-1165.00 39.00
	-1125.00 -26.00
	-657.00 -28.00
part 17
number of vertices# 
7
vertices (x,y)#
	-654.00 -153.00
	-1132.00 141.00
	-1186.00 98.00
	-1190.00 21.00
	-1180.00 -271.00
	-1143.00 -277.00
	-675.00 -279.00
part 18
number of vertices# 
8
vertices (x,y)#
	-510.00 -870.00
	-643.00 -531.00
	-1121.00 -237.00
	-1154.00 -269.00
	-1196.00 -634.00
	-1186.00 -926.00
	-975.00 -929.00
	-507.00 -931.00
part 19
number of vertices# 
9
vertices (x,y)#
	-372.00 -824.00
	-325.00 -763.00
	-654.00 -153.00
	-1132.00 141.00
	-1153.00 15.00
	-1143.00 -277.00
	-1111.00 -529.00
	-978.00 -868.00
	-510.00 -870.00
part 20
number of vertices# 
9
vertices (x,y)#
	-291.00 12.00
	-769.00 306.00
	-930.00 360.00
	-1135.00 266.00
	-1146.00 186.00
	-1136.00 -106.00
	-1122.00 -151.00
	-793.00 -761.00
	-325.00 -763.00
