Number of parts# 
 4
part 1
number of vertices# 
11
vertices (x,y)#
	-142.00 -423.00
	274.00 -316.00
	275.00 -0.00
	149.00 255.00
	45.00 300.00
	-297.00 300.00
	-398.00 245.00
	-435.00 155.00
	-433.00 -161.00
	-424.00 -345.00
	-414.00 -423.00
part 2
number of vertices# 
10
vertices (x,y)#
	-126.00 -613.00
	274.00 -403.00
	328.00 -371.00
	329.00 -55.00
	275.00 0.00
	0.00 0.00
	-416.00 -107.00
	-414.00 -423.00
	-411.00 -555.00
	-398.00 -613.00
part 3
number of vertices# 
11
vertices (x,y)#
	17.00 -865.00
	237.00 -519.00
	274.00 -403.00
	275.00 -87.00
	0.00 -87.00
	-400.00 -297.00
	-431.00 -368.00
	-451.00 -436.00
	-449.00 -752.00
	-446.00 -800.00
	-255.00 -865.00
part 4
number of vertices# 
7
vertices (x,y)#
	235.00 -868.00
	237.00 -519.00
	238.00 -203.00
	-37.00 -203.00
	-257.00 -549.00
	-255.00 -865.00
	-37.00 -868.00
