Number of parts# 
 8
part 1
number of vertices# 
12
vertices (x,y)#
	297.00 -300.00
	398.00 -245.00
	435.00 -155.00
	435.00 36.00
	426.00 220.00
	416.00 298.00
	32.00 417.00
	-384.00 310.00
	-384.00 240.00
	-258.00 -15.00
	126.00 -255.00
	230.00 -300.00
part 2
number of vertices# 
10
vertices (x,y)#
	416.00 107.00
	416.00 298.00
	413.00 430.00
	400.00 488.00
	16.00 607.00
	-384.00 397.00
	-438.00 365.00
	-438.00 295.00
	-384.00 240.00
	-0.00 0.00
part 3
number of vertices# 
11
vertices (x,y)#
	400.00 297.00
	431.00 368.00
	451.00 436.00
	451.00 627.00
	448.00 675.00
	257.00 740.00
	-127.00 859.00
	-347.00 513.00
	-384.00 397.00
	-384.00 327.00
	-0.00 87.00
part 4
number of vertices# 
7
vertices (x,y)#
	257.00 549.00
	257.00 740.00
	-127.00 859.00
	-345.00 862.00
	-347.00 513.00
	-347.00 443.00
	37.00 203.00
part 5
number of vertices# 
11
vertices (x,y)#
	297.00 -300.00
	398.00 -245.00
	435.00 -155.00
	426.00 29.00
	416.00 107.00
	32.00 347.00
	-343.00 348.00
	-759.00 241.00
	-758.00 0.00
	-632.00 -255.00
	-528.00 -300.00
part 6
number of vertices# 
10
vertices (x,y)#
	0.00 0.00
	416.00 107.00
	413.00 239.00
	400.00 297.00
	16.00 537.00
	-359.00 538.00
	-759.00 328.00
	-813.00 296.00
	-812.00 55.00
	-758.00 0.00
part 7
number of vertices# 
11
vertices (x,y)#
	0.00 87.00
	400.00 297.00
	431.00 368.00
	451.00 436.00
	448.00 484.00
	64.00 724.00
	-127.00 789.00
	-502.00 790.00
	-722.00 444.00
	-759.00 328.00
	-758.00 87.00
part 8
number of vertices# 
7
vertices (x,y)#
	37.00 203.00
	257.00 549.00
	-127.00 789.00
	-345.00 792.00
	-720.00 793.00
	-722.00 444.00
	-721.00 203.00
