Number of parts# 
 25
part 1
number of vertices# 
8
vertices (x,y)#
	-114.00 -296.00
	91.00 -205.00
	89.00 -83.00
	-2.00 122.00
	-124.00 120.00
	-364.00 26.00
	-327.00 -93.00
	-233.00 -333.00
part 2
number of vertices# 
9
vertices (x,y)#
	-75.00 -286.00
	130.00 -195.00
	148.00 258.00
	146.00 380.00
	79.00 360.00
	-161.00 266.00
	-242.00 28.00
	-205.00 -91.00
	-114.00 -296.00
part 3
number of vertices# 
8
vertices (x,y)#
	76.00 -377.00
	281.00 -286.00
	359.00 -219.00
	357.00 -97.00
	212.00 -110.00
	-28.00 -204.00
	9.00 -323.00
	38.00 -380.00
part 4
number of vertices# 
9
vertices (x,y)#
	154.00 -310.00
	359.00 -219.00
	436.00 -156.00
	434.00 -34.00
	146.00 380.00
	-94.00 286.00
	-112.00 -167.00
	-75.00 -286.00
	9.00 -323.00
part 5
number of vertices# 
8
vertices (x,y)#
	975.00 -168.00
	975.00 26.00
	973.00 148.00
	146.00 380.00
	-94.00 286.00
	-57.00 167.00
	231.00 -247.00
	770.00 -259.00
part 6
number of vertices# 
9
vertices (x,y)#
	349.00 -353.00
	329.00 -286.00
	238.00 -81.00
	0.00 0.00
	-122.00 -2.00
	-327.00 -93.00
	-317.00 -132.00
	-223.00 -372.00
	230.00 -390.00
part 7
number of vertices# 
10
vertices (x,y)#
	388.00 -343.00
	406.00 110.00
	386.00 177.00
	148.00 258.00
	81.00 238.00
	-124.00 147.00
	-205.00 -91.00
	-195.00 -130.00
	-104.00 -335.00
	349.00 -353.00
part 8
number of vertices# 
9
vertices (x,y)#
	539.00 -434.00
	617.00 -367.00
	597.00 -300.00
	359.00 -219.00
	214.00 -232.00
	9.00 -323.00
	19.00 -362.00
	48.00 -419.00
	501.00 -437.00
part 9
number of vertices# 
10
vertices (x,y)#
	617.00 -367.00
	694.00 -304.00
	674.00 -237.00
	386.00 177.00
	148.00 258.00
	-57.00 167.00
	-75.00 -286.00
	-65.00 -325.00
	19.00 -362.00
	472.00 -380.00
part 10
number of vertices# 
9
vertices (x,y)#
	1233.00 -122.00
	1213.00 -55.00
	975.00 26.00
	148.00 258.00
	-57.00 167.00
	-47.00 128.00
	241.00 -286.00
	694.00 -304.00
	1233.00 -316.00
part 11
number of vertices# 
8
vertices (x,y)#
	-128.00 -564.00
	-141.00 -419.00
	-232.00 -214.00
	-354.00 -216.00
	-411.00 -245.00
	-408.00 -283.00
	-314.00 -523.00
	-247.00 -601.00
part 12
number of vertices# 
9
vertices (x,y)#
	-89.00 -554.00
	-71.00 -101.00
	-84.00 44.00
	-151.00 24.00
	-208.00 -5.00
	-289.00 -243.00
	-286.00 -281.00
	-195.00 -486.00
	-128.00 -564.00
part 13
number of vertices# 
8
vertices (x,y)#
	62.00 -645.00
	140.00 -578.00
	127.00 -433.00
	-18.00 -446.00
	-75.00 -475.00
	-72.00 -513.00
	-43.00 -570.00
	24.00 -648.00
part 14
number of vertices# 
9
vertices (x,y)#
	140.00 -578.00
	217.00 -515.00
	204.00 -370.00
	-84.00 44.00
	-141.00 15.00
	-159.00 -438.00
	-156.00 -476.00
	-89.00 -554.00
	-5.00 -591.00
part 15
number of vertices# 
8
vertices (x,y)#
	756.00 -333.00
	743.00 -188.00
	-84.00 44.00
	-141.00 15.00
	-138.00 -23.00
	150.00 -437.00
	217.00 -515.00
	756.00 -527.00
part 16
number of vertices# 
9
vertices (x,y)#
	-65.00 -641.00
	349.00 -353.00
	258.00 -148.00
	-195.00 -130.00
	-317.00 -132.00
	-354.00 -216.00
	-341.00 -361.00
	-247.00 -601.00
	-184.00 -678.00
part 17
number of vertices# 
10
vertices (x,y)#
	-26.00 -631.00
	388.00 -343.00
	406.00 110.00
	-47.00 128.00
	-114.00 108.00
	-151.00 24.00
	-232.00 -214.00
	-219.00 -359.00
	-128.00 -564.00
	-65.00 -641.00
part 18
number of vertices# 
9
vertices (x,y)#
	125.00 -722.00
	539.00 -434.00
	617.00 -367.00
	164.00 -349.00
	19.00 -362.00
	-18.00 -446.00
	-5.00 -591.00
	24.00 -648.00
	87.00 -725.00
part 19
number of vertices# 
10
vertices (x,y)#
	203.00 -655.00
	617.00 -367.00
	694.00 -304.00
	406.00 110.00
	-47.00 128.00
	-84.00 44.00
	-102.00 -409.00
	-89.00 -554.00
	-26.00 -631.00
	58.00 -668.00
part 20
number of vertices# 
9
vertices (x,y)#
	1233.00 -316.00
	1233.00 -122.00
	406.00 110.00
	-47.00 128.00
	-84.00 44.00
	-71.00 -101.00
	217.00 -515.00
	280.00 -592.00
	819.00 -604.00
part 21
number of vertices# 
8
vertices (x,y)#
	-2.00 -1217.00
	117.00 -1180.00
	349.00 -353.00
	258.00 -148.00
	136.00 -150.00
	-278.00 -438.00
	-290.00 -977.00
	-196.00 -1217.00
part 22
number of vertices# 
9
vertices (x,y)#
	117.00 -1180.00
	156.00 -1170.00
	388.00 -343.00
	406.00 110.00
	339.00 90.00
	-75.00 -198.00
	-156.00 -436.00
	-168.00 -975.00
	-77.00 -1180.00
part 23
number of vertices# 
8
vertices (x,y)#
	269.00 -1264.00
	307.00 -1261.00
	385.00 -1194.00
	617.00 -367.00
	472.00 -380.00
	58.00 -668.00
	46.00 -1207.00
	75.00 -1264.00
part 24
number of vertices# 
9
vertices (x,y)#
	240.00 -1207.00
	385.00 -1194.00
	462.00 -1131.00
	694.00 -304.00
	406.00 110.00
	-8.00 -178.00
	-26.00 -631.00
	-38.00 -1170.00
	46.00 -1207.00
part 25
number of vertices# 
8
vertices (x,y)#
	1001.00 -1143.00
	1233.00 -316.00
	1233.00 -122.00
	406.00 110.00
	-8.00 -178.00
	-20.00 -717.00
	268.00 -1131.00
	807.00 -1143.00
