Number of parts# 
 16
part 1
number of vertices# 
12
vertices (x,y)#
	0.00 0.00
	47.00 119.00
	-79.00 374.00
	-183.00 419.00
	-478.00 467.00
	-545.00 467.00
	-646.00 448.00
	-747.00 393.00
	-784.00 303.00
	-775.00 119.00
	-765.00 41.00
	-416.00 -107.00
part 2
number of vertices# 
10
vertices (x,y)#
	0.00 -87.00
	54.00 -55.00
	101.00 64.00
	47.00 119.00
	-248.00 167.00
	-349.00 148.00
	-765.00 41.00
	-762.00 -91.00
	-749.00 -149.00
	-400.00 -297.00
part 3
number of vertices# 
11
vertices (x,y)#
	-37.00 -203.00
	10.00 -84.00
	47.00 32.00
	-248.00 80.00
	-349.00 61.00
	-749.00 -149.00
	-780.00 -220.00
	-800.00 -288.00
	-797.00 -336.00
	-448.00 -484.00
	-257.00 -549.00
part 4
number of vertices# 
7
vertices (x,y)#
	8.00 -433.00
	10.00 -84.00
	-285.00 -36.00
	-386.00 -55.00
	-606.00 -401.00
	-257.00 -549.00
	-39.00 -552.00
part 5
number of vertices# 
12
vertices (x,y)#
	-360.00 -930.00
	3.00 -74.00
	0.00 0.00
	-126.00 255.00
	-230.00 300.00
	-579.00 448.00
	-646.00 448.00
	-747.00 393.00
	-784.00 303.00
	-795.00 -775.00
	-786.00 -959.00
	-776.00 -1037.00
part 6
number of vertices# 
10
vertices (x,y)#
	-360.00 -1017.00
	-306.00 -985.00
	57.00 -129.00
	54.00 -55.00
	0.00 0.00
	-349.00 148.00
	-765.00 41.00
	-776.00 -1037.00
	-773.00 -1169.00
	-760.00 -1227.00
part 7
number of vertices# 
11
vertices (x,y)#
	-397.00 -1133.00
	-34.00 -277.00
	3.00 -161.00
	-0.00 -87.00
	-349.00 61.00
	-749.00 -149.00
	-780.00 -220.00
	-800.00 -288.00
	-811.00 -1366.00
	-808.00 -1414.00
	-617.00 -1479.00
part 8
number of vertices# 
7
vertices (x,y)#
	-36.00 -626.00
	-34.00 -277.00
	-37.00 -203.00
	-386.00 -55.00
	-606.00 -401.00
	-617.00 -1479.00
	-399.00 -1482.00
part 9
number of vertices# 
12
vertices (x,y)#
	-360.00 -930.00
	-66.00 -452.00
	26.00 -203.00
	3.00 -74.00
	-123.00 181.00
	-227.00 226.00
	-294.00 226.00
	-395.00 171.00
	-758.00 -685.00
	-795.00 -775.00
	-786.00 -959.00
	-776.00 -1037.00
part 10
number of vertices# 
10
vertices (x,y)#
	-360.00 -1017.00
	-306.00 -985.00
	-12.00 -507.00
	80.00 -258.00
	57.00 -129.00
	3.00 -74.00
	-413.00 -181.00
	-776.00 -1037.00
	-773.00 -1169.00
	-760.00 -1227.00
part 11
number of vertices# 
11
vertices (x,y)#
	-397.00 -1133.00
	-103.00 -655.00
	-11.00 -406.00
	26.00 -290.00
	3.00 -161.00
	-397.00 -371.00
	-428.00 -442.00
	-791.00 -1298.00
	-811.00 -1366.00
	-808.00 -1414.00
	-617.00 -1479.00
part 12
number of vertices# 
7
vertices (x,y)#
	-105.00 -1004.00
	-13.00 -755.00
	-11.00 -406.00
	-34.00 -277.00
	-254.00 -623.00
	-617.00 -1479.00
	-399.00 -1482.00
part 13
number of vertices# 
11
vertices (x,y)#
	-484.00 -1027.00
	-68.00 -920.00
	-66.00 -452.00
	-192.00 -197.00
	-296.00 -152.00
	-363.00 -152.00
	-464.00 -207.00
	-758.00 -685.00
	-795.00 -775.00
	-786.00 -959.00
	-776.00 -1037.00
part 14
number of vertices# 
9
vertices (x,y)#
	-468.00 -1217.00
	-68.00 -1007.00
	-14.00 -975.00
	-12.00 -507.00
	-66.00 -452.00
	-482.00 -559.00
	-776.00 -1037.00
	-773.00 -1169.00
	-760.00 -1227.00
part 15
number of vertices# 
10
vertices (x,y)#
	-325.00 -1469.00
	-105.00 -1123.00
	-68.00 -1007.00
	-66.00 -539.00
	-466.00 -749.00
	-760.00 -1227.00
	-791.00 -1298.00
	-811.00 -1366.00
	-808.00 -1414.00
	-617.00 -1479.00
part 16
number of vertices# 
6
vertices (x,y)#
	-107.00 -1472.00
	-105.00 -1123.00
	-103.00 -655.00
	-323.00 -1001.00
	-617.00 -1479.00
	-399.00 -1482.00
