Number of parts# 
 4
part 1
number of vertices# 
12
vertices (x,y)#
	376.00 -542.00
	477.00 -487.00
	514.00 -397.00
	512.00 -155.00
	503.00 29.00
	493.00 107.00
	416.00 107.00
	0.00 0.00
	-1.00 -239.00
	125.00 -494.00
	229.00 -539.00
	309.00 -542.00
part 2
number of vertices# 
10
vertices (x,y)#
	495.00 -135.00
	493.00 107.00
	490.00 239.00
	477.00 297.00
	400.00 297.00
	0.00 87.00
	-54.00 55.00
	-55.00 -184.00
	-1.00 -239.00
	79.00 -242.00
part 3
number of vertices# 
11
vertices (x,y)#
	479.00 55.00
	510.00 126.00
	530.00 194.00
	528.00 436.00
	525.00 484.00
	334.00 549.00
	257.00 549.00
	37.00 203.00
	-0.00 87.00
	-1.00 -152.00
	79.00 -155.00
part 4
number of vertices# 
7
vertices (x,y)#
	336.00 307.00
	334.00 549.00
	116.00 552.00
	39.00 552.00
	37.00 203.00
	36.00 -36.00
	116.00 -39.00
