Number of parts# 
 10
part 1
number of vertices# 
8
vertices (x,y)#
	238.00 -22.00
	245.00 29.00
	216.00 109.00
	176.00 174.00
	108.00 158.00
	-97.00 64.00
	-90.00 -33.00
	7.00 -97.00
part 2
number of vertices# 
10
vertices (x,y)#
	133.00 -269.00
	364.00 -194.00
	371.00 -143.00
	331.00 -78.00
	205.00 94.00
	108.00 158.00
	-408.00 180.00
	-613.00 86.00
	-619.00 -196.00
	-612.00 -293.00
part 3
number of vertices# 
7
vertices (x,y)#
	256.00 262.00
	260.00 339.00
	231.00 419.00
	194.00 425.00
	126.00 409.00
	105.00 283.00
	202.00 219.00
part 4
number of vertices# 
9
vertices (x,y)#
	328.00 47.00
	382.00 90.00
	386.00 167.00
	260.00 339.00
	163.00 403.00
	126.00 409.00
	-390.00 431.00
	-411.00 305.00
	-417.00 23.00
part 5
number of vertices# 
8
vertices (x,y)#
	224.00 629.00
	266.00 994.00
	237.00 1074.00
	26.00 1077.00
	-42.00 1061.00
	-39.00 1000.00
	94.00 661.00
	191.00 597.00
part 6
number of vertices# 
10
vertices (x,y)#
	317.00 425.00
	350.00 457.00
	392.00 822.00
	266.00 994.00
	169.00 1058.00
	-347.00 1080.00
	-558.00 1083.00
	-564.00 801.00
	-561.00 740.00
	-428.00 401.00
part 7
number of vertices# 
9
vertices (x,y)#
	223.00 345.00
	191.00 597.00
	162.00 677.00
	29.00 1016.00
	-39.00 1000.00
	-177.00 954.00
	-224.00 893.00
	105.00 283.00
	202.00 219.00
part 8
number of vertices# 
11
vertices (x,y)#
	328.00 47.00
	349.00 173.00
	317.00 425.00
	184.00 764.00
	58.00 936.00
	-39.00 1000.00
	-555.00 1022.00
	-693.00 976.00
	-740.00 915.00
	-746.00 633.00
	-417.00 23.00
part 9
number of vertices# 
9
vertices (x,y)#
	205.00 94.00
	216.00 174.00
	202.00 219.00
	173.00 299.00
	-156.00 909.00
	-224.00 893.00
	-258.00 118.00
	-161.00 54.00
	0.00 -0.00
part 10
number of vertices# 
11
vertices (x,y)#
	126.00 -172.00
	331.00 -78.00
	342.00 2.00
	328.00 47.00
	-1.00 657.00
	-127.00 829.00
	-224.00 893.00
	-740.00 915.00
	-774.00 140.00
	-780.00 -142.00
	-619.00 -196.00
