Number of parts# 
 20
part 1
number of vertices# 
12
vertices (x,y)#
	297.00 -300.00
	419.00 -298.00
	520.00 -243.00
	557.00 -153.00
	548.00 31.00
	538.00 109.00
	444.00 349.00
	28.00 242.00
	-91.00 205.00
	-0.00 0.00
	126.00 -255.00
	230.00 -300.00
part 2
number of vertices# 
13
vertices (x,y)#
	149.00 -558.00
	216.00 -538.00
	317.00 -483.00
	354.00 -393.00
	435.00 -155.00
	426.00 29.00
	416.00 107.00
	325.00 312.00
	286.00 302.00
	-130.00 195.00
	-148.00 -258.00
	-22.00 -513.00
	82.00 -558.00
part 3
number of vertices# 
12
vertices (x,y)#
	-62.00 -81.00
	83.00 -68.00
	184.00 -13.00
	221.00 77.00
	212.00 261.00
	202.00 339.00
	173.00 396.00
	135.00 393.00
	-281.00 286.00
	-359.00 219.00
	-233.00 -36.00
	-129.00 -81.00
part 4
number of vertices# 
13
vertices (x,y)#
	149.00 -558.00
	250.00 -503.00
	287.00 -413.00
	305.00 40.00
	296.00 224.00
	286.00 302.00
	202.00 339.00
	57.00 326.00
	-359.00 219.00
	-436.00 156.00
	-310.00 -99.00
	-22.00 -513.00
	82.00 -558.00
part 5
number of vertices# 
12
vertices (x,y)#
	149.00 -558.00
	250.00 -503.00
	287.00 -413.00
	278.00 -229.00
	268.00 -151.00
	-20.00 263.00
	-559.00 275.00
	-975.00 168.00
	-975.00 -26.00
	-849.00 -281.00
	-745.00 -326.00
	82.00 -558.00
part 6
number of vertices# 
10
vertices (x,y)#
	122.00 2.00
	538.00 109.00
	535.00 241.00
	522.00 299.00
	428.00 539.00
	309.00 502.00
	-91.00 292.00
	-145.00 260.00
	-54.00 55.00
	-0.00 0.00
part 7
number of vertices# 
11
vertices (x,y)#
	268.00 -151.00
	335.00 -131.00
	416.00 107.00
	413.00 239.00
	400.00 297.00
	309.00 502.00
	270.00 492.00
	-130.00 282.00
	-184.00 250.00
	-202.00 -203.00
	-148.00 -258.00
part 8
number of vertices# 
10
vertices (x,y)#
	-214.00 232.00
	202.00 339.00
	199.00 471.00
	186.00 529.00
	157.00 586.00
	119.00 583.00
	-281.00 373.00
	-335.00 341.00
	-413.00 274.00
	-359.00 219.00
part 9
number of vertices# 
11
vertices (x,y)#
	268.00 -151.00
	286.00 302.00
	283.00 434.00
	270.00 492.00
	186.00 529.00
	41.00 516.00
	-359.00 306.00
	-413.00 274.00
	-490.00 211.00
	-202.00 -203.00
	-148.00 -258.00
part 10
number of vertices# 
10
vertices (x,y)#
	268.00 -151.00
	265.00 -19.00
	252.00 39.00
	-36.00 453.00
	-575.00 465.00
	-975.00 255.00
	-1029.00 223.00
	-1029.00 29.00
	-975.00 -26.00
	-148.00 -258.00
part 11
number of vertices# 
11
vertices (x,y)#
	122.00 89.00
	522.00 299.00
	553.00 370.00
	573.00 438.00
	570.00 486.00
	476.00 726.00
	285.00 791.00
	166.00 754.00
	-54.00 408.00
	-91.00 292.00
	-0.00 87.00
part 12
number of vertices# 
12
vertices (x,y)#
	-81.00 -151.00
	319.00 59.00
	350.00 130.00
	431.00 368.00
	451.00 436.00
	448.00 484.00
	357.00 689.00
	166.00 754.00
	127.00 744.00
	-93.00 398.00
	-130.00 282.00
	-148.00 -171.00
part 13
number of vertices# 
11
vertices (x,y)#
	-214.00 319.00
	186.00 529.00
	217.00 600.00
	237.00 668.00
	234.00 716.00
	205.00 773.00
	14.00 838.00
	-24.00 835.00
	-102.00 768.00
	-322.00 422.00
	-359.00 306.00
part 14
number of vertices# 
12
vertices (x,y)#
	252.00 39.00
	283.00 110.00
	303.00 178.00
	321.00 631.00
	318.00 679.00
	234.00 716.00
	43.00 781.00
	-102.00 768.00
	-179.00 705.00
	-399.00 359.00
	-436.00 243.00
	-148.00 -171.00
part 15
number of vertices# 
11
vertices (x,y)#
	252.00 39.00
	283.00 110.00
	303.00 178.00
	300.00 226.00
	12.00 640.00
	-179.00 705.00
	-718.00 717.00
	-938.00 371.00
	-975.00 255.00
	-975.00 61.00
	-148.00 -171.00
part 16
number of vertices# 
7
vertices (x,y)#
	159.00 205.00
	379.00 551.00
	285.00 791.00
	67.00 794.00
	-52.00 757.00
	-54.00 408.00
	37.00 203.00
part 17
number of vertices# 
8
vertices (x,y)#
	-44.00 -35.00
	176.00 311.00
	257.00 549.00
	166.00 754.00
	-52.00 757.00
	-91.00 747.00
	-109.00 294.00
	-111.00 -55.00
part 18
number of vertices# 
7
vertices (x,y)#
	-177.00 435.00
	43.00 781.00
	14.00 838.00
	-204.00 841.00
	-242.00 838.00
	-320.00 771.00
	-322.00 422.00
part 19
number of vertices# 
8
vertices (x,y)#
	109.00 291.00
	127.00 744.00
	43.00 781.00
	-175.00 784.00
	-320.00 771.00
	-397.00 708.00
	-399.00 359.00
	-111.00 -55.00
part 20
number of vertices# 
7
vertices (x,y)#
	109.00 291.00
	-179.00 705.00
	-718.00 717.00
	-936.00 720.00
	-938.00 371.00
	-938.00 177.00
	-111.00 -55.00
