Number of parts# 
 16
part 1
number of vertices# 
16
vertices (x,y)#
	142.00 -735.00
	326.00 -726.00
	404.00 -716.00
	505.00 -661.00
	542.00 -571.00
	533.00 -387.00
	523.00 -309.00
	416.00 107.00
	-0.00 0.00
	-255.00 -126.00
	-300.00 -230.00
	-300.00 -297.00
	-174.00 -552.00
	-119.00 -653.00
	-15.00 -698.00
	75.00 -735.00
part 2
number of vertices# 
14
vertices (x,y)#
	404.00 -716.00
	536.00 -713.00
	594.00 -700.00
	695.00 -645.00
	732.00 -555.00
	723.00 -371.00
	713.00 -293.00
	503.00 107.00
	471.00 161.00
	55.00 54.00
	-0.00 0.00
	107.00 -416.00
	233.00 -671.00
	337.00 -716.00
part 3
number of vertices# 
15
vertices (x,y)#
	733.00 -751.00
	781.00 -748.00
	882.00 -693.00
	919.00 -603.00
	984.00 -412.00
	975.00 -228.00
	965.00 -150.00
	619.00 70.00
	503.00 107.00
	87.00 0.00
	213.00 -255.00
	423.00 -655.00
	494.00 -686.00
	598.00 -731.00
	666.00 -751.00
part 4
number of vertices# 
11
vertices (x,y)#
	846.00 -557.00
	947.00 -502.00
	984.00 -412.00
	987.00 -194.00
	978.00 -10.00
	968.00 68.00
	619.00 70.00
	203.00 -37.00
	329.00 -292.00
	675.00 -512.00
	779.00 -557.00
part 5
number of vertices# 
14
vertices (x,y)#
	29.00 -426.00
	107.00 -416.00
	523.00 -309.00
	520.00 -177.00
	507.00 -119.00
	400.00 297.00
	145.00 171.00
	-255.00 -39.00
	-309.00 -71.00
	-354.00 -175.00
	-354.00 -242.00
	-299.00 -343.00
	-245.00 -398.00
	-155.00 -435.00
part 6
number of vertices# 
12
vertices (x,y)#
	239.00 -413.00
	297.00 -400.00
	713.00 -293.00
	710.00 -161.00
	697.00 -103.00
	487.00 297.00
	455.00 351.00
	55.00 141.00
	1.00 109.00
	-54.00 55.00
	53.00 -361.00
	107.00 -416.00
part 7
number of vertices# 
13
vertices (x,y)#
	484.00 -448.00
	900.00 -341.00
	965.00 -150.00
	962.00 -18.00
	949.00 40.00
	603.00 260.00
	487.00 297.00
	87.00 87.00
	33.00 55.00
	243.00 -345.00
	297.00 -400.00
	368.00 -431.00
	436.00 -451.00
part 8
number of vertices# 
9
vertices (x,y)#
	965.00 -150.00
	968.00 68.00
	965.00 200.00
	952.00 258.00
	603.00 260.00
	203.00 50.00
	149.00 18.00
	203.00 -37.00
	549.00 -257.00
part 9
number of vertices# 
15
vertices (x,y)#
	29.00 -339.00
	107.00 -329.00
	507.00 -119.00
	538.00 -48.00
	558.00 20.00
	555.00 68.00
	448.00 484.00
	257.00 549.00
	2.00 423.00
	-218.00 77.00
	-263.00 -27.00
	-300.00 -143.00
	-300.00 -210.00
	-245.00 -311.00
	-155.00 -348.00
part 10
number of vertices# 
13
vertices (x,y)#
	239.00 -326.00
	297.00 -313.00
	697.00 -103.00
	728.00 -32.00
	748.00 36.00
	745.00 84.00
	535.00 484.00
	503.00 538.00
	312.00 603.00
	257.00 549.00
	37.00 203.00
	-0.00 87.00
	107.00 -329.00
part 11
number of vertices# 
14
vertices (x,y)#
	484.00 -361.00
	884.00 -151.00
	915.00 -80.00
	980.00 111.00
	1000.00 179.00
	997.00 227.00
	651.00 447.00
	460.00 512.00
	344.00 549.00
	124.00 203.00
	87.00 87.00
	297.00 -313.00
	368.00 -344.00
	436.00 -364.00
part 12
number of vertices# 
10
vertices (x,y)#
	949.00 40.00
	980.00 111.00
	1000.00 179.00
	1003.00 397.00
	1000.00 445.00
	809.00 510.00
	460.00 512.00
	240.00 166.00
	203.00 50.00
	549.00 -170.00
part 13
number of vertices# 
11
vertices (x,y)#
	66.00 -223.00
	144.00 -213.00
	364.00 133.00
	257.00 549.00
	39.00 552.00
	-216.00 426.00
	-261.00 322.00
	-263.00 -27.00
	-263.00 -94.00
	-208.00 -195.00
	-118.00 -232.00
part 14
number of vertices# 
9
vertices (x,y)#
	276.00 -210.00
	334.00 -197.00
	554.00 149.00
	344.00 549.00
	312.00 603.00
	94.00 606.00
	39.00 552.00
	37.00 203.00
	144.00 -213.00
part 15
number of vertices# 
10
vertices (x,y)#
	521.00 -245.00
	741.00 101.00
	806.00 292.00
	460.00 512.00
	344.00 549.00
	126.00 552.00
	124.00 203.00
	334.00 -197.00
	405.00 -228.00
	473.00 -248.00
part 16
number of vertices# 
6
vertices (x,y)#
	806.00 292.00
	809.00 510.00
	591.00 513.00
	242.00 515.00
	240.00 166.00
	586.00 -54.00
