Number of parts# 
 8
part 1
number of vertices# 
11
vertices (x,y)#
	233.00 -397.00
	334.00 -342.00
	398.00 -245.00
	435.00 -155.00
	426.00 29.00
	416.00 107.00
	-0.00 0.00
	-80.00 -29.00
	-64.00 -97.00
	62.00 -352.00
	166.00 -397.00
part 2
number of vertices# 
13
vertices (x,y)#
	493.00 -919.00
	594.00 -864.00
	631.00 -774.00
	607.00 -29.00
	598.00 155.00
	588.00 233.00
	172.00 126.00
	-0.00 0.00
	-64.00 -97.00
	-86.00 -613.00
	40.00 -868.00
	144.00 -913.00
	426.00 -919.00
part 3
number of vertices# 
9
vertices (x,y)#
	352.00 10.00
	416.00 107.00
	413.00 239.00
	400.00 297.00
	320.00 268.00
	-80.00 58.00
	-134.00 26.00
	-118.00 -42.00
	-64.00 -97.00
part 4
number of vertices# 
11
vertices (x,y)#
	612.00 -512.00
	609.00 -380.00
	585.00 365.00
	572.00 423.00
	172.00 213.00
	118.00 181.00
	-54.00 55.00
	-118.00 -42.00
	-140.00 -558.00
	-86.00 -613.00
	196.00 -619.00
part 5
number of vertices# 
10
vertices (x,y)#
	336.00 200.00
	400.00 297.00
	431.00 368.00
	451.00 436.00
	448.00 484.00
	257.00 549.00
	177.00 520.00
	-43.00 174.00
	-80.00 58.00
	-64.00 -10.00
part 6
number of vertices# 
12
vertices (x,y)#
	596.00 -322.00
	627.00 -251.00
	647.00 -183.00
	623.00 562.00
	620.00 610.00
	429.00 675.00
	257.00 549.00
	193.00 452.00
	-27.00 106.00
	-64.00 -10.00
	-86.00 -526.00
	196.00 -532.00
part 7
number of vertices# 
6
vertices (x,y)#
	37.00 203.00
	257.00 549.00
	39.00 552.00
	-41.00 523.00
	-43.00 174.00
	-27.00 106.00
part 8
number of vertices# 
8
vertices (x,y)#
	453.00 -70.00
	429.00 675.00
	211.00 678.00
	39.00 552.00
	-25.00 455.00
	-47.00 -61.00
	-49.00 -410.00
	233.00 -416.00
