Number of parts# 
 4
part 1
number of vertices# 
11
vertices (x,y)#
	161.00 -433.00
	345.00 -424.00
	423.00 -414.00
	423.00 -142.00
	316.00 274.00
	0.00 275.00
	-255.00 149.00
	-300.00 45.00
	-300.00 -297.00
	-245.00 -398.00
	-155.00 -435.00
part 2
number of vertices# 
10
vertices (x,y)#
	423.00 -414.00
	555.00 -411.00
	613.00 -398.00
	613.00 -126.00
	403.00 274.00
	371.00 328.00
	55.00 329.00
	0.00 275.00
	0.00 0.00
	107.00 -416.00
part 3
number of vertices# 
11
vertices (x,y)#
	752.00 -449.00
	800.00 -446.00
	865.00 -255.00
	865.00 17.00
	519.00 237.00
	403.00 274.00
	87.00 275.00
	87.00 0.00
	297.00 -400.00
	368.00 -431.00
	436.00 -451.00
part 4
number of vertices# 
7
vertices (x,y)#
	865.00 -255.00
	868.00 -37.00
	868.00 235.00
	519.00 237.00
	203.00 238.00
	203.00 -37.00
	549.00 -257.00
