Number of parts# 
 25
part 1
number of vertices# 
9
vertices (x,y)#
	-205.00 -94.00
	0.00 0.00
	-2.00 122.00
	-9.00 219.00
	-240.00 144.00
	-480.00 50.00
	-487.00 -1.00
	-450.00 -120.00
	-410.00 -185.00
part 2
number of vertices# 
8
vertices (x,y)#
	-223.00 -345.00
	-202.00 -219.00
	-204.00 -97.00
	-444.00 -191.00
	-498.00 -234.00
	-502.00 -311.00
	-465.00 -430.00
	-428.00 -436.00
part 3
number of vertices# 
9
vertices (x,y)#
	-55.00 -997.00
	-57.00 -875.00
	-60.00 -814.00
	-193.00 -475.00
	-433.00 -569.00
	-466.00 -601.00
	-508.00 -966.00
	-471.00 -1085.00
	-260.00 -1088.00
part 4
number of vertices# 
10
vertices (x,y)#
	-125.00 -981.00
	80.00 -890.00
	127.00 -829.00
	125.00 -707.00
	-204.00 -97.00
	-444.00 -191.00
	-465.00 -317.00
	-433.00 -569.00
	-396.00 -688.00
	-263.00 -1027.00
part 5
number of vertices# 
10
vertices (x,y)#
	127.00 -829.00
	161.00 -54.00
	159.00 68.00
	-2.00 122.00
	-242.00 28.00
	-447.00 -66.00
	-458.00 -146.00
	-421.00 -265.00
	-407.00 -310.00
	-78.00 -920.00
part 6
number of vertices# 
10
vertices (x,y)#
	258.00 -148.00
	251.00 -51.00
	231.00 16.00
	-7.00 97.00
	-238.00 22.00
	-443.00 -69.00
	-450.00 -120.00
	-440.00 -159.00
	-400.00 -224.00
	53.00 -242.00
part 7
number of vertices# 
9
vertices (x,y)#
	56.00 -367.00
	36.00 -300.00
	-202.00 -219.00
	-407.00 -310.00
	-461.00 -353.00
	-465.00 -430.00
	-455.00 -469.00
	-418.00 -475.00
	35.00 -493.00
part 8
number of vertices# 
10
vertices (x,y)#
	200.00 -1084.00
	180.00 -1017.00
	47.00 -678.00
	-191.00 -597.00
	-396.00 -688.00
	-429.00 -720.00
	-471.00 -1085.00
	-461.00 -1124.00
	-8.00 -1142.00
	203.00 -1145.00
part 9
number of vertices# 
11
vertices (x,y)#
	338.00 -1038.00
	385.00 -977.00
	365.00 -910.00
	36.00 -300.00
	-202.00 -219.00
	-407.00 -310.00
	-428.00 -436.00
	-396.00 -688.00
	-386.00 -727.00
	-253.00 -1066.00
	200.00 -1084.00
part 10
number of vertices# 
11
vertices (x,y)#
	419.00 -202.00
	399.00 -135.00
	161.00 -54.00
	0.00 0.00
	-205.00 -91.00
	-410.00 -185.00
	-421.00 -265.00
	-411.00 -304.00
	-397.00 -349.00
	-68.00 -959.00
	385.00 -977.00
part 11
number of vertices# 
9
vertices (x,y)#
	-219.00 -359.00
	-226.00 -262.00
	-239.00 -117.00
	-470.00 -192.00
	-527.00 -221.00
	-534.00 -272.00
	-531.00 -310.00
	-491.00 -375.00
	-424.00 -453.00
part 12
number of vertices# 
8
vertices (x,y)#
	-421.00 -578.00
	-434.00 -433.00
	-491.00 -462.00
	-545.00 -505.00
	-549.00 -582.00
	-546.00 -620.00
	-479.00 -698.00
	-442.00 -704.00
part 13
number of vertices# 
9
vertices (x,y)#
	-277.00 -1295.00
	-290.00 -1150.00
	-423.00 -811.00
	-480.00 -840.00
	-513.00 -872.00
	-555.00 -1237.00
	-552.00 -1275.00
	-485.00 -1353.00
	-274.00 -1356.00
part 14
number of vertices# 
10
vertices (x,y)#
	-139.00 -1249.00
	-92.00 -1188.00
	-105.00 -1043.00
	-434.00 -433.00
	-491.00 -462.00
	-512.00 -588.00
	-509.00 -626.00
	-477.00 -878.00
	-344.00 -1217.00
	-277.00 -1295.00
part 15
number of vertices# 
10
vertices (x,y)#
	-58.00 -413.00
	-71.00 -268.00
	-232.00 -214.00
	-437.00 -308.00
	-494.00 -337.00
	-505.00 -417.00
	-502.00 -455.00
	-488.00 -500.00
	-159.00 -1110.00
	-92.00 -1188.00
part 16
number of vertices# 
10
vertices (x,y)#
	-156.00 -436.00
	258.00 -148.00
	251.00 -51.00
	-202.00 -33.00
	-433.00 -108.00
	-470.00 -192.00
	-477.00 -243.00
	-464.00 -388.00
	-424.00 -453.00
	-361.00 -530.00
part 17
number of vertices# 
9
vertices (x,y)#
	35.00 -493.00
	56.00 -367.00
	-397.00 -349.00
	-451.00 -392.00
	-488.00 -476.00
	-492.00 -553.00
	-479.00 -698.00
	-416.00 -775.00
	-379.00 -781.00
part 18
number of vertices# 
10
vertices (x,y)#
	203.00 -1145.00
	200.00 -1084.00
	67.00 -745.00
	-386.00 -727.00
	-419.00 -759.00
	-456.00 -843.00
	-498.00 -1208.00
	-485.00 -1353.00
	-422.00 -1430.00
	-211.00 -1433.00
part 19
number of vertices# 
11
vertices (x,y)#
	-76.00 -1326.00
	338.00 -1038.00
	385.00 -977.00
	56.00 -367.00
	-397.00 -349.00
	-434.00 -433.00
	-455.00 -559.00
	-442.00 -704.00
	-410.00 -956.00
	-277.00 -1295.00
	-214.00 -1372.00
part 20
number of vertices# 
11
vertices (x,y)#
	385.00 -977.00
	419.00 -202.00
	258.00 -148.00
	-195.00 -130.00
	-400.00 -224.00
	-437.00 -308.00
	-448.00 -388.00
	-435.00 -533.00
	-421.00 -578.00
	-92.00 -1188.00
	-29.00 -1265.00
part 21
number of vertices# 
9
vertices (x,y)#
	-179.00 -1069.00
	26.00 -975.00
	258.00 -148.00
	251.00 -51.00
	20.00 -126.00
	-394.00 -414.00
	-401.00 -465.00
	-413.00 -1004.00
	-373.00 -1069.00
part 22
number of vertices# 
8
vertices (x,y)#
	-197.00 -1320.00
	35.00 -493.00
	56.00 -367.00
	-358.00 -655.00
	-412.00 -698.00
	-416.00 -775.00
	-428.00 -1314.00
	-391.00 -1320.00
part 23
number of vertices# 
9
vertices (x,y)#
	-29.00 -1972.00
	203.00 -1145.00
	200.00 -1084.00
	67.00 -745.00
	-347.00 -1033.00
	-380.00 -1065.00
	-422.00 -1430.00
	-434.00 -1969.00
	-223.00 -1972.00
part 24
number of vertices# 
10
vertices (x,y)#
	-32.00 -1911.00
	106.00 -1865.00
	153.00 -1804.00
	385.00 -977.00
	56.00 -367.00
	-358.00 -655.00
	-379.00 -781.00
	-391.00 -1320.00
	-359.00 -1572.00
	-226.00 -1911.00
part 25
number of vertices# 
10
vertices (x,y)#
	153.00 -1804.00
	385.00 -977.00
	419.00 -202.00
	258.00 -148.00
	53.00 -242.00
	-361.00 -530.00
	-372.00 -610.00
	-384.00 -1149.00
	-370.00 -1194.00
	-41.00 -1804.00
