Number of parts# 
 4
part 1
number of vertices# 
11
vertices (x,y)#
	297.00 -300.00
	398.00 -245.00
	435.00 -155.00
	436.00 84.00
	427.00 268.00
	417.00 346.00
	337.00 349.00
	-79.00 242.00
	-77.00 -0.00
	49.00 -255.00
	153.00 -300.00
part 2
number of vertices# 
10
vertices (x,y)#
	0.00 0.00
	416.00 107.00
	417.00 346.00
	414.00 478.00
	401.00 536.00
	321.00 539.00
	-79.00 329.00
	-133.00 297.00
	-131.00 55.00
	-77.00 0.00
part 3
number of vertices# 
11
vertices (x,y)#
	0.00 87.00
	400.00 297.00
	431.00 368.00
	451.00 436.00
	452.00 675.00
	449.00 723.00
	258.00 788.00
	178.00 791.00
	-42.00 445.00
	-79.00 329.00
	-77.00 87.00
part 4
number of vertices# 
7
vertices (x,y)#
	37.00 203.00
	257.00 549.00
	258.00 788.00
	178.00 791.00
	-40.00 794.00
	-42.00 445.00
	-40.00 203.00
