Number of parts# 
 25
part 1
number of vertices# 
8
vertices (x,y)#
	-83.00 -89.00
	122.00 2.00
	120.00 124.00
	26.00 364.00
	-93.00 327.00
	-333.00 233.00
	-296.00 114.00
	-205.00 -91.00
part 2
number of vertices# 
9
vertices (x,y)#
	-286.00 -329.00
	-81.00 -238.00
	0.00 0.00
	-2.00 122.00
	-93.00 327.00
	-132.00 317.00
	-372.00 223.00
	-390.00 -230.00
	-353.00 -349.00
part 3
number of vertices# 
8
vertices (x,y)#
	-419.00 141.00
	-214.00 232.00
	-216.00 354.00
	-245.00 411.00
	-283.00 408.00
	-523.00 314.00
	-601.00 247.00
	-564.00 128.00
part 4
number of vertices# 
9
vertices (x,y)#
	-148.00 -258.00
	-130.00 195.00
	-132.00 317.00
	-216.00 354.00
	-361.00 341.00
	-601.00 247.00
	-678.00 184.00
	-641.00 65.00
	-353.00 -349.00
part 5
number of vertices# 
8
vertices (x,y)#
	-148.00 -258.00
	-150.00 -136.00
	-438.00 278.00
	-977.00 290.00
	-1217.00 196.00
	-1217.00 2.00
	-1180.00 -117.00
	-353.00 -349.00
part 6
number of vertices# 
9
vertices (x,y)#
	380.00 -146.00
	360.00 -79.00
	266.00 161.00
	28.00 242.00
	-91.00 205.00
	-296.00 114.00
	-286.00 75.00
	-195.00 -130.00
	258.00 -148.00
part 7
number of vertices# 
10
vertices (x,y)#
	177.00 -386.00
	258.00 -148.00
	238.00 -81.00
	147.00 124.00
	-91.00 205.00
	-130.00 195.00
	-335.00 104.00
	-353.00 -349.00
	-343.00 -388.00
	110.00 -406.00
part 8
number of vertices# 
9
vertices (x,y)#
	44.00 84.00
	24.00 151.00
	-5.00 208.00
	-243.00 289.00
	-281.00 286.00
	-486.00 195.00
	-564.00 128.00
	-554.00 89.00
	-101.00 71.00
part 9
number of vertices# 
10
vertices (x,y)#
	128.00 47.00
	108.00 114.00
	24.00 151.00
	-214.00 232.00
	-359.00 219.00
	-564.00 128.00
	-641.00 65.00
	-631.00 26.00
	-343.00 -388.00
	110.00 -406.00
part 10
number of vertices# 
9
vertices (x,y)#
	90.00 -339.00
	-198.00 75.00
	-436.00 156.00
	-975.00 168.00
	-1180.00 77.00
	-1180.00 -117.00
	-1170.00 -156.00
	-343.00 -388.00
	110.00 -406.00
part 11
number of vertices# 
8
vertices (x,y)#
	-97.00 -357.00
	-110.00 -212.00
	-204.00 28.00
	-323.00 -9.00
	-380.00 -38.00
	-377.00 -76.00
	-286.00 -281.00
	-219.00 -359.00
part 12
number of vertices# 
9
vertices (x,y)#
	-300.00 -597.00
	-219.00 -359.00
	-232.00 -214.00
	-323.00 -9.00
	-362.00 -19.00
	-419.00 -48.00
	-437.00 -501.00
	-434.00 -539.00
	-367.00 -617.00
part 13
number of vertices# 
8
vertices (x,y)#
	-433.00 -127.00
	-446.00 18.00
	-475.00 75.00
	-513.00 72.00
	-570.00 43.00
	-648.00 -24.00
	-645.00 -62.00
	-578.00 -140.00
part 14
number of vertices# 
9
vertices (x,y)#
	-349.00 -164.00
	-362.00 -19.00
	-446.00 18.00
	-591.00 5.00
	-648.00 -24.00
	-725.00 -87.00
	-722.00 -125.00
	-434.00 -539.00
	-367.00 -617.00
part 15
number of vertices# 
8
vertices (x,y)#
	-380.00 -472.00
	-668.00 -58.00
	-1207.00 -46.00
	-1264.00 -75.00
	-1264.00 -269.00
	-1261.00 -307.00
	-1194.00 -385.00
	-367.00 -617.00
part 16
number of vertices# 
9
vertices (x,y)#
	-34.00 -434.00
	380.00 -146.00
	286.00 94.00
	-167.00 112.00
	-286.00 75.00
	-323.00 -9.00
	-310.00 -154.00
	-219.00 -359.00
	-156.00 -436.00
part 17
number of vertices# 
10
vertices (x,y)#
	-237.00 -674.00
	177.00 -386.00
	258.00 -148.00
	167.00 57.00
	-286.00 75.00
	-325.00 65.00
	-362.00 -19.00
	-380.00 -472.00
	-367.00 -617.00
	-304.00 -694.00
part 18
number of vertices# 
9
vertices (x,y)#
	-370.00 -204.00
	44.00 84.00
	15.00 141.00
	-438.00 159.00
	-476.00 156.00
	-554.00 89.00
	-591.00 5.00
	-578.00 -140.00
	-515.00 -217.00
part 19
number of vertices# 
10
vertices (x,y)#
	110.00 -406.00
	128.00 47.00
	44.00 84.00
	-409.00 102.00
	-554.00 89.00
	-631.00 26.00
	-668.00 -58.00
	-655.00 -203.00
	-367.00 -617.00
	-304.00 -694.00
part 20
number of vertices# 
9
vertices (x,y)#
	110.00 -406.00
	-178.00 8.00
	-631.00 26.00
	-1170.00 38.00
	-1207.00 -46.00
	-1207.00 -240.00
	-1194.00 -385.00
	-1131.00 -462.00
	-304.00 -694.00
part 21
number of vertices# 
8
vertices (x,y)#
	26.00 -975.00
	148.00 -973.00
	380.00 -146.00
	286.00 94.00
	167.00 57.00
	-247.00 -231.00
	-259.00 -770.00
	-168.00 -975.00
part 22
number of vertices# 
9
vertices (x,y)#
	-122.00 -1233.00
	-55.00 -1213.00
	26.00 -975.00
	258.00 -148.00
	167.00 57.00
	128.00 47.00
	-286.00 -241.00
	-304.00 -694.00
	-316.00 -1233.00
part 23
number of vertices# 
8
vertices (x,y)#
	-333.00 -756.00
	-188.00 -743.00
	44.00 84.00
	15.00 141.00
	-23.00 138.00
	-437.00 -150.00
	-515.00 -217.00
	-527.00 -756.00
part 24
number of vertices# 
9
vertices (x,y)#
	-122.00 -1233.00
	110.00 -406.00
	128.00 47.00
	44.00 84.00
	-101.00 71.00
	-515.00 -217.00
	-592.00 -280.00
	-604.00 -819.00
	-316.00 -1233.00
part 25
number of vertices# 
8
vertices (x,y)#
	-122.00 -1233.00
	110.00 -406.00
	-178.00 8.00
	-717.00 20.00
	-1131.00 -268.00
	-1143.00 -807.00
	-1143.00 -1001.00
	-316.00 -1233.00
