Number of parts# 
 20
part 1
number of vertices# 
9
vertices (x,y)#
	-51.00 -342.00
	97.00 7.00
	22.00 238.00
	-97.00 285.00
	-148.00 292.00
	-213.00 252.00
	-261.00 -43.00
	-242.00 -144.00
	-148.00 -349.00
part 2
number of vertices# 
9
vertices (x,y)#
	1027.00 -353.00
	952.00 -122.00
	96.00 241.00
	45.00 248.00
	-29.00 245.00
	-94.00 205.00
	-242.00 -144.00
	-148.00 -349.00
	930.00 -360.00
part 3
number of vertices# 
9
vertices (x,y)#
	1027.00 -353.00
	952.00 -122.00
	474.00 172.00
	225.00 264.00
	174.00 271.00
	45.00 248.00
	-20.00 208.00
	74.00 3.00
	930.00 -360.00
part 4
number of vertices# 
8
vertices (x,y)#
	1027.00 -353.00
	1017.00 -61.00
	942.00 170.00
	891.00 177.00
	423.00 179.00
	358.00 139.00
	452.00 -66.00
	930.00 -360.00
part 5
number of vertices# 
8
vertices (x,y)#
	-219.00 202.00
	-262.00 256.00
	-381.00 303.00
	-458.00 307.00
	-506.00 12.00
	-512.00 -25.00
	-493.00 -126.00
	-367.00 -147.00
part 6
number of vertices# 
8
vertices (x,y)#
	668.00 -104.00
	-188.00 259.00
	-265.00 263.00
	-339.00 260.00
	-487.00 -89.00
	-493.00 -126.00
	-367.00 -147.00
	711.00 -158.00
part 7
number of vertices# 
8
vertices (x,y)#
	668.00 -104.00
	190.00 190.00
	-59.00 282.00
	-136.00 286.00
	-265.00 263.00
	-271.00 226.00
	585.00 -137.00
	711.00 -158.00
part 8
number of vertices# 
7
vertices (x,y)#
	701.00 134.00
	658.00 188.00
	581.00 192.00
	113.00 194.00
	107.00 157.00
	585.00 -137.00
	711.00 -158.00
part 9
number of vertices# 
9
vertices (x,y)#
	-1084.00 -291.00
	-745.00 -158.00
	-597.00 191.00
	-629.00 224.00
	-748.00 271.00
	-1113.00 313.00
	-1161.00 18.00
	-1164.00 -193.00
	-1145.00 -294.00
part 10
number of vertices# 
9
vertices (x,y)#
	-6.00 -302.00
	333.00 -169.00
	301.00 -136.00
	-555.00 227.00
	-920.00 269.00
	-994.00 266.00
	-1142.00 -83.00
	-1145.00 -294.00
	-67.00 -305.00
part 11
number of vertices# 
9
vertices (x,y)#
	-6.00 -302.00
	333.00 -169.00
	301.00 -136.00
	-177.00 158.00
	-426.00 250.00
	-791.00 292.00
	-920.00 269.00
	-923.00 58.00
	-67.00 -305.00
part 12
number of vertices# 
8
vertices (x,y)#
	-6.00 -302.00
	333.00 -169.00
	323.00 123.00
	291.00 156.00
	-74.00 198.00
	-542.00 200.00
	-545.00 -11.00
	-67.00 -305.00
part 13
number of vertices# 
10
vertices (x,y)#
	-367.00 -147.00
	-219.00 202.00
	-338.00 249.00
	-464.00 270.00
	-716.00 238.00
	-1055.00 105.00
	-1103.00 -190.00
	-1084.00 -291.00
	-1038.00 -429.00
	-977.00 -476.00
part 14
number of vertices# 
10
vertices (x,y)#
	711.00 -158.00
	-145.00 205.00
	-271.00 226.00
	-345.00 223.00
	-597.00 191.00
	-936.00 58.00
	-1084.00 -291.00
	-1038.00 -429.00
	-977.00 -476.00
	101.00 -487.00
part 15
number of vertices# 
10
vertices (x,y)#
	711.00 -158.00
	233.00 136.00
	-16.00 228.00
	-142.00 249.00
	-394.00 217.00
	-523.00 194.00
	-862.00 61.00
	-816.00 -77.00
	-755.00 -124.00
	101.00 -487.00
part 16
number of vertices# 
9
vertices (x,y)#
	711.00 -158.00
	701.00 134.00
	575.00 155.00
	107.00 157.00
	-145.00 125.00
	-484.00 -8.00
	-438.00 -146.00
	-377.00 -193.00
	101.00 -487.00
part 17
number of vertices# 
10
vertices (x,y)#
	-54.00 -161.00
	-0.00 0.00
	-94.00 205.00
	-213.00 252.00
	-293.00 263.00
	-338.00 249.00
	-948.00 -80.00
	-996.00 -375.00
	-977.00 -476.00
	-202.00 -510.00
part 18
number of vertices# 
10
vertices (x,y)#
	930.00 -360.00
	836.00 -155.00
	-20.00 208.00
	-100.00 219.00
	-174.00 216.00
	-219.00 202.00
	-829.00 -127.00
	-977.00 -476.00
	-202.00 -510.00
	876.00 -521.00
part 19
number of vertices# 
10
vertices (x,y)#
	930.00 -360.00
	836.00 -155.00
	358.00 139.00
	109.00 231.00
	29.00 242.00
	-100.00 219.00
	-145.00 205.00
	-755.00 -124.00
	101.00 -487.00
	876.00 -521.00
part 20
number of vertices# 
9
vertices (x,y)#
	930.00 -360.00
	920.00 -68.00
	826.00 137.00
	746.00 148.00
	278.00 150.00
	233.00 136.00
	-377.00 -193.00
	101.00 -487.00
	876.00 -521.00
