Number of parts# 
 10
part 1
number of vertices# 
9
vertices (x,y)#
	198.00 -97.00
	429.00 -22.00
	548.00 362.00
	555.00 413.00
	515.00 478.00
	445.00 478.00
	240.00 384.00
	-0.00 0.00
	7.00 -97.00
part 2
number of vertices# 
8
vertices (x,y)#
	393.00 219.00
	447.00 262.00
	566.00 646.00
	570.00 723.00
	533.00 729.00
	463.00 729.00
	223.00 345.00
	202.00 219.00
part 3
number of vertices# 
9
vertices (x,y)#
	382.00 597.00
	415.00 629.00
	534.00 1013.00
	576.00 1378.00
	365.00 1381.00
	295.00 1381.00
	55.00 997.00
	58.00 936.00
	191.00 597.00
part 4
number of vertices# 
10
vertices (x,y)#
	393.00 219.00
	512.00 603.00
	533.00 729.00
	501.00 981.00
	368.00 1320.00
	298.00 1320.00
	160.00 1274.00
	113.00 1213.00
	-127.00 829.00
	202.00 219.00
part 5
number of vertices# 
10
vertices (x,y)#
	191.00 -0.00
	396.00 94.00
	515.00 478.00
	526.00 558.00
	512.00 603.00
	183.00 1213.00
	113.00 1213.00
	-127.00 829.00
	-161.00 54.00
	-0.00 -0.00
part 6
number of vertices# 
9
vertices (x,y)#
	238.00 -22.00
	478.00 362.00
	485.00 413.00
	486.00 788.00
	446.00 853.00
	205.00 852.00
	-0.00 758.00
	-0.00 0.00
	7.00 -97.00
part 7
number of vertices# 
8
vertices (x,y)#
	256.00 262.00
	496.00 646.00
	500.00 723.00
	501.00 1098.00
	464.00 1104.00
	223.00 1103.00
	202.00 977.00
	202.00 219.00
part 8
number of vertices# 
9
vertices (x,y)#
	224.00 629.00
	464.00 1013.00
	506.00 1378.00
	507.00 1753.00
	296.00 1756.00
	55.00 1755.00
	55.00 997.00
	58.00 936.00
	191.00 597.00
part 9
number of vertices# 
10
vertices (x,y)#
	442.00 603.00
	463.00 729.00
	464.00 1104.00
	432.00 1356.00
	299.00 1695.00
	58.00 1694.00
	-80.00 1648.00
	-127.00 1587.00
	-127.00 829.00
	202.00 219.00
part 10
number of vertices# 
10
vertices (x,y)#
	205.00 94.00
	445.00 478.00
	456.00 558.00
	457.00 933.00
	443.00 978.00
	114.00 1588.00
	-127.00 1587.00
	-161.00 812.00
	-161.00 54.00
	-0.00 -0.00
