Number of parts# 
 20
part 1
number of vertices# 
12
vertices (x,y)#
	299.00 -422.00
	539.00 -328.00
	640.00 -273.00
	677.00 -183.00
	668.00 1.00
	658.00 79.00
	621.00 198.00
	205.00 91.00
	-0.00 0.00
	2.00 -122.00
	128.00 -377.00
	232.00 -422.00
part 2
number of vertices# 
10
vertices (x,y)#
	418.00 -15.00
	658.00 79.00
	655.00 211.00
	642.00 269.00
	605.00 388.00
	400.00 297.00
	-0.00 87.00
	-54.00 55.00
	-52.00 -67.00
	2.00 -122.00
part 3
number of vertices# 
11
vertices (x,y)#
	242.00 59.00
	642.00 269.00
	673.00 340.00
	693.00 408.00
	690.00 456.00
	653.00 575.00
	462.00 640.00
	257.00 549.00
	37.00 203.00
	0.00 87.00
	2.00 -35.00
part 4
number of vertices# 
7
vertices (x,y)#
	279.00 175.00
	499.00 521.00
	462.00 640.00
	244.00 643.00
	39.00 552.00
	37.00 203.00
	39.00 81.00
part 5
number of vertices# 
13
vertices (x,y)#
	297.00 -300.00
	502.00 -209.00
	603.00 -154.00
	640.00 -64.00
	631.00 120.00
	621.00 198.00
	611.00 237.00
	158.00 255.00
	-258.00 148.00
	-238.00 81.00
	-112.00 -174.00
	-8.00 -219.00
	230.00 -300.00
part 6
number of vertices# 
11
vertices (x,y)#
	416.00 107.00
	621.00 198.00
	618.00 330.00
	605.00 388.00
	595.00 427.00
	142.00 445.00
	-258.00 235.00
	-312.00 203.00
	-292.00 136.00
	-238.00 81.00
	-0.00 -0.00
part 7
number of vertices# 
12
vertices (x,y)#
	205.00 178.00
	605.00 388.00
	636.00 459.00
	656.00 527.00
	653.00 575.00
	643.00 614.00
	452.00 679.00
	-1.00 697.00
	-221.00 351.00
	-258.00 235.00
	-238.00 168.00
	0.00 87.00
part 8
number of vertices# 
8
vertices (x,y)#
	242.00 294.00
	462.00 640.00
	452.00 679.00
	-1.00 697.00
	-219.00 700.00
	-221.00 351.00
	-201.00 284.00
	37.00 203.00
part 9
number of vertices# 
12
vertices (x,y)#
	529.00 -86.00
	586.00 -57.00
	687.00 -2.00
	724.00 88.00
	715.00 272.00
	712.00 310.00
	702.00 388.00
	635.00 466.00
	219.00 359.00
	232.00 214.00
	358.00 -41.00
	462.00 -86.00
part 10
number of vertices# 
10
vertices (x,y)#
	648.00 321.00
	705.00 350.00
	702.00 482.00
	699.00 520.00
	686.00 578.00
	619.00 656.00
	219.00 446.00
	165.00 414.00
	178.00 269.00
	232.00 214.00
part 11
number of vertices# 
11
vertices (x,y)#
	289.00 330.00
	689.00 540.00
	720.00 611.00
	740.00 679.00
	737.00 727.00
	734.00 765.00
	667.00 843.00
	476.00 908.00
	256.00 562.00
	219.00 446.00
	232.00 301.00
part 12
number of vertices# 
7
vertices (x,y)#
	326.00 446.00
	546.00 792.00
	543.00 830.00
	476.00 908.00
	258.00 911.00
	256.00 562.00
	269.00 417.00
part 13
number of vertices# 
13
vertices (x,y)#
	492.00 -170.00
	593.00 -115.00
	630.00 -31.00
	667.00 59.00
	658.00 243.00
	645.00 388.00
	635.00 466.00
	572.00 543.00
	156.00 436.00
	-258.00 148.00
	-132.00 -107.00
	-28.00 -152.00
	425.00 -170.00
part 14
number of vertices# 
11
vertices (x,y)#
	611.00 237.00
	648.00 321.00
	645.00 453.00
	632.00 598.00
	619.00 656.00
	556.00 733.00
	156.00 523.00
	102.00 491.00
	-312.00 203.00
	-258.00 148.00
	195.00 130.00
part 15
number of vertices# 
12
vertices (x,y)#
	595.00 427.00
	632.00 511.00
	663.00 582.00
	683.00 650.00
	680.00 698.00
	667.00 843.00
	604.00 920.00
	413.00 985.00
	-1.00 697.00
	-221.00 351.00
	-258.00 235.00
	195.00 217.00
part 16
number of vertices# 
8
vertices (x,y)#
	452.00 679.00
	489.00 763.00
	476.00 908.00
	413.00 985.00
	195.00 988.00
	-219.00 700.00
	-221.00 351.00
	232.00 333.00
part 17
number of vertices# 
12
vertices (x,y)#
	39.00 -152.00
	140.00 -97.00
	554.00 191.00
	591.00 281.00
	603.00 820.00
	594.00 1004.00
	584.00 1082.00
	390.00 1082.00
	-26.00 975.00
	-258.00 148.00
	-132.00 -107.00
	-28.00 -152.00
part 18
number of vertices# 
10
vertices (x,y)#
	158.00 255.00
	572.00 543.00
	584.00 1082.00
	581.00 1214.00
	568.00 1272.00
	374.00 1272.00
	-26.00 1062.00
	-80.00 1030.00
	-312.00 203.00
	-258.00 148.00
part 19
number of vertices# 
11
vertices (x,y)#
	142.00 445.00
	556.00 733.00
	587.00 804.00
	607.00 872.00
	619.00 1411.00
	616.00 1459.00
	425.00 1524.00
	231.00 1524.00
	11.00 1178.00
	-26.00 1062.00
	-258.00 235.00
part 20
number of vertices# 
7
vertices (x,y)#
	193.00 639.00
	413.00 985.00
	425.00 1524.00
	207.00 1527.00
	13.00 1527.00
	-219.00 700.00
	-221.00 351.00
