Number of parts# 
 10
part 1
number of vertices# 
8
vertices (x,y)#
	97.00 7.00
	22.00 238.00
	-7.00 318.00
	-58.00 325.00
	-126.00 309.00
	-191.00 269.00
	-97.00 64.00
	0.00 -0.00
part 2
number of vertices# 
10
vertices (x,y)#
	126.00 -172.00
	223.00 -165.00
	148.00 66.00
	22.00 238.00
	-75.00 302.00
	-126.00 309.00
	-642.00 331.00
	-707.00 291.00
	-713.00 9.00
	-619.00 -196.00
part 3
number of vertices# 
7
vertices (x,y)#
	-248.00 282.00
	-291.00 336.00
	-368.00 340.00
	-436.00 324.00
	-442.00 287.00
	-345.00 223.00
	-219.00 202.00
part 4
number of vertices# 
9
vertices (x,y)#
	-93.00 30.00
	-219.00 202.00
	-262.00 256.00
	-359.00 320.00
	-436.00 324.00
	-952.00 346.00
	-958.00 309.00
	-964.00 27.00
	-838.00 6.00
part 5
number of vertices# 
8
vertices (x,y)#
	-936.00 58.00
	-597.00 191.00
	-626.00 271.00
	-658.00 304.00
	-1023.00 346.00
	-1091.00 330.00
	-1094.00 119.00
	-997.00 55.00
part 6
number of vertices# 
10
vertices (x,y)#
	-871.00 -117.00
	-810.00 -114.00
	-471.00 19.00
	-597.00 191.00
	-629.00 224.00
	-726.00 288.00
	-1091.00 330.00
	-1607.00 352.00
	-1613.00 70.00
	-1616.00 -141.00
part 7
number of vertices# 
9
vertices (x,y)#
	-219.00 202.00
	-248.00 282.00
	-374.00 303.00
	-626.00 271.00
	-694.00 255.00
	-1033.00 122.00
	-987.00 -16.00
	-926.00 -63.00
	-829.00 -127.00
part 8
number of vertices# 
11
vertices (x,y)#
	-703.00 -299.00
	-93.00 30.00
	-219.00 202.00
	-316.00 266.00
	-442.00 287.00
	-958.00 309.00
	-1210.00 277.00
	-1549.00 144.00
	-1555.00 -138.00
	-1509.00 -276.00
	-1448.00 -323.00
part 9
number of vertices# 
9
vertices (x,y)#
	0.00 0.00
	-29.00 80.00
	-123.00 285.00
	-203.00 296.00
	-271.00 280.00
	-316.00 266.00
	-926.00 -63.00
	-829.00 -127.00
	-54.00 -161.00
part 10
number of vertices# 
11
vertices (x,y)#
	72.00 -333.00
	126.00 -172.00
	32.00 33.00
	-94.00 205.00
	-191.00 269.00
	-271.00 280.00
	-787.00 302.00
	-832.00 288.00
	-1442.00 -41.00
	-1448.00 -323.00
	-673.00 -357.00
