Number of parts# 
 16
part 1
number of vertices# 
8
vertices (x,y)#
	0.00 0.00
	-252.00 510.00
	-460.00 600.00
	-594.00 600.00
	-796.00 490.00
	-870.00 310.00
	-852.00 -58.00
	-832.00 -214.00
part 2
number of vertices# 
14
vertices (x,y)#
	-400.00 -297.00
	0.00 -87.00
	54.00 -55.00
	-72.00 200.00
	-126.00 255.00
	-230.00 300.00
	-297.00 300.00
	-713.00 193.00
	-814.00 138.00
	-851.00 48.00
	-848.00 -84.00
	-839.00 -268.00
	-829.00 -346.00
	-816.00 -404.00
part 3
number of vertices# 
15
vertices (x,y)#
	-257.00 -549.00
	-37.00 -203.00
	0.00 -87.00
	-126.00 168.00
	-230.00 213.00
	-297.00 213.00
	-697.00 3.00
	-798.00 -52.00
	-829.00 -123.00
	-866.00 -213.00
	-886.00 -281.00
	-877.00 -465.00
	-874.00 -513.00
	-864.00 -591.00
	-673.00 -656.00
part 4
number of vertices# 
11
vertices (x,y)#
	-39.00 -552.00
	-37.00 -203.00
	-163.00 52.00
	-267.00 97.00
	-334.00 97.00
	-435.00 42.00
	-655.00 -304.00
	-692.00 -394.00
	-683.00 -578.00
	-673.00 -656.00
	-455.00 -659.00
part 5
number of vertices# 
14
vertices (x,y)#
	-400.00 -297.00
	0.00 -87.00
	54.00 -55.00
	-72.00 200.00
	-126.00 255.00
	-230.00 300.00
	-297.00 300.00
	-713.00 193.00
	-814.00 138.00
	-851.00 48.00
	-848.00 -84.00
	-839.00 -268.00
	-829.00 -346.00
	-816.00 -404.00
part 6
number of vertices# 
6
vertices (x,y)#
	0.00 -174.00
	108.00 -110.00
	0.00 -0.00
	-832.00 -214.00
	-826.00 -478.00
	-800.00 -594.00
part 7
number of vertices# 
13
vertices (x,y)#
	-257.00 -636.00
	-203.00 -604.00
	17.00 -258.00
	54.00 -142.00
	-0.00 -87.00
	-416.00 -194.00
	-816.00 -404.00
	-847.00 -475.00
	-867.00 -543.00
	-864.00 -675.00
	-861.00 -723.00
	-848.00 -781.00
	-657.00 -846.00
part 8
number of vertices# 
9
vertices (x,y)#
	-39.00 -639.00
	15.00 -607.00
	17.00 -258.00
	-37.00 -203.00
	-453.00 -310.00
	-673.00 -656.00
	-670.00 -788.00
	-657.00 -846.00
	-439.00 -849.00
part 9
number of vertices# 
15
vertices (x,y)#
	-257.00 -549.00
	-37.00 -203.00
	-0.00 -87.00
	-126.00 168.00
	-230.00 213.00
	-297.00 213.00
	-697.00 3.00
	-798.00 -52.00
	-829.00 -123.00
	-866.00 -213.00
	-886.00 -281.00
	-877.00 -465.00
	-874.00 -513.00
	-864.00 -591.00
	-673.00 -656.00
part 10
number of vertices# 
13
vertices (x,y)#
	-257.00 -636.00
	-203.00 -604.00
	17.00 -258.00
	54.00 -142.00
	-0.00 -87.00
	-416.00 -194.00
	-816.00 -404.00
	-847.00 -475.00
	-867.00 -543.00
	-864.00 -675.00
	-861.00 -723.00
	-848.00 -781.00
	-657.00 -846.00
part 11
number of vertices# 
7
vertices (x,y)#
	-74.00 -406.00
	-0.00 -174.00
	-800.00 -594.00
	-862.00 -736.00
	-902.00 -872.00
	-896.00 -968.00
	-514.00 -1098.00
part 12
number of vertices# 
10
vertices (x,y)#
	-76.00 -755.00
	-39.00 -639.00
	-37.00 -290.00
	-437.00 -500.00
	-657.00 -846.00
	-688.00 -917.00
	-708.00 -985.00
	-705.00 -1033.00
	-514.00 -1098.00
	-296.00 -1101.00
part 13
number of vertices# 
11
vertices (x,y)#
	-39.00 -552.00
	-37.00 -203.00
	-163.00 52.00
	-267.00 97.00
	-334.00 97.00
	-435.00 42.00
	-655.00 -304.00
	-692.00 -394.00
	-683.00 -578.00
	-673.00 -656.00
	-455.00 -659.00
part 14
number of vertices# 
9
vertices (x,y)#
	-39.00 -639.00
	15.00 -607.00
	17.00 -258.00
	-37.00 -203.00
	-453.00 -310.00
	-673.00 -656.00
	-670.00 -788.00
	-657.00 -846.00
	-439.00 -849.00
part 15
number of vertices# 
10
vertices (x,y)#
	-76.00 -755.00
	-39.00 -639.00
	-37.00 -290.00
	-437.00 -500.00
	-657.00 -846.00
	-688.00 -917.00
	-708.00 -985.00
	-705.00 -1033.00
	-514.00 -1098.00
	-296.00 -1101.00
part 16
number of vertices# 
3
vertices (x,y)#
	-74.00 -406.00
	-514.00 -1098.00
	-78.00 -1104.00
