Number of parts# 
 25
part 1
number of vertices# 
5
vertices (x,y)#
	0.00 0.00
	-14.00 194.00
	-476.00 44.00
	-490.00 -58.00
	-410.00 -188.00
part 2
number of vertices# 
9
vertices (x,y)#
	-223.00 -345.00
	-202.00 -219.00
	-209.00 -122.00
	-440.00 -197.00
	-494.00 -240.00
	-501.00 -291.00
	-505.00 -368.00
	-465.00 -433.00
	-428.00 -439.00
part 3
number of vertices# 
10
vertices (x,y)#
	-55.00 -997.00
	-58.00 -936.00
	-65.00 -839.00
	-198.00 -500.00
	-429.00 -575.00
	-462.00 -607.00
	-469.00 -658.00
	-511.00 -1023.00
	-471.00 -1088.00
	-260.00 -1091.00
part 4
number of vertices# 
11
vertices (x,y)#
	-125.00 -984.00
	80.00 -890.00
	127.00 -829.00
	120.00 -732.00
	-209.00 -122.00
	-440.00 -197.00
	-461.00 -323.00
	-468.00 -374.00
	-436.00 -626.00
	-303.00 -965.00
	-263.00 -1030.00
part 5
number of vertices# 
11
vertices (x,y)#
	127.00 -829.00
	161.00 -54.00
	154.00 43.00
	-7.00 97.00
	-238.00 22.00
	-443.00 -72.00
	-454.00 -152.00
	-461.00 -203.00
	-447.00 -248.00
	-118.00 -858.00
	-78.00 -923.00
part 6
number of vertices# 
9
vertices (x,y)#
	-223.00 -345.00
	-202.00 -219.00
	-209.00 -122.00
	-440.00 -197.00
	-494.00 -240.00
	-501.00 -291.00
	-505.00 -368.00
	-465.00 -433.00
	-428.00 -439.00
part 7
number of vertices# 
4
vertices (x,y)#
	-404.00 -438.00
	-512.00 -524.00
	-520.00 -678.00
	-446.00 -690.00
part 8
number of vertices# 
9
vertices (x,y)#
	-257.00 -1216.00
	-260.00 -1155.00
	-393.00 -816.00
	-447.00 -859.00
	-480.00 -891.00
	-522.00 -1256.00
	-526.00 -1333.00
	-489.00 -1339.00
	-278.00 -1342.00
part 9
number of vertices# 
10
vertices (x,y)#
	-143.00 -1235.00
	-96.00 -1174.00
	-75.00 -1048.00
	-404.00 -438.00
	-458.00 -481.00
	-479.00 -607.00
	-483.00 -684.00
	-451.00 -936.00
	-318.00 -1275.00
	-281.00 -1281.00
part 10
number of vertices# 
10
vertices (x,y)#
	-75.00 -1048.00
	-41.00 -273.00
	-202.00 -219.00
	-407.00 -313.00
	-461.00 -356.00
	-472.00 -436.00
	-476.00 -513.00
	-462.00 -558.00
	-133.00 -1168.00
	-96.00 -1174.00
part 11
number of vertices# 
10
vertices (x,y)#
	-55.00 -997.00
	-58.00 -936.00
	-65.00 -839.00
	-198.00 -500.00
	-429.00 -575.00
	-462.00 -607.00
	-469.00 -658.00
	-511.00 -1023.00
	-471.00 -1088.00
	-260.00 -1091.00
part 12
number of vertices# 
9
vertices (x,y)#
	-257.00 -1216.00
	-260.00 -1155.00
	-393.00 -816.00
	-447.00 -859.00
	-480.00 -891.00
	-522.00 -1256.00
	-526.00 -1333.00
	-489.00 -1339.00
	-278.00 -1342.00
part 13
number of vertices# 
5
vertices (x,y)#
	-116.00 -1872.00
	-382.00 -1194.00
	-448.00 -1258.00
	-532.00 -1988.00
	-110.00 -1994.00
part 14
number of vertices# 
11
vertices (x,y)#
	25.00 -1887.00
	72.00 -1826.00
	69.00 -1765.00
	-64.00 -1426.00
	-393.00 -816.00
	-426.00 -848.00
	-447.00 -974.00
	-489.00 -1339.00
	-457.00 -1591.00
	-324.00 -1930.00
	-113.00 -1933.00
part 15
number of vertices# 
11
vertices (x,y)#
	106.00 -1051.00
	103.00 -990.00
	-30.00 -651.00
	-191.00 -597.00
	-396.00 -691.00
	-429.00 -723.00
	-440.00 -803.00
	-482.00 -1168.00
	-468.00 -1213.00
	-139.00 -1823.00
	72.00 -1826.00
part 16
number of vertices# 
11
vertices (x,y)#
	-125.00 -984.00
	80.00 -890.00
	127.00 -829.00
	120.00 -732.00
	-209.00 -122.00
	-440.00 -197.00
	-461.00 -323.00
	-468.00 -374.00
	-436.00 -626.00
	-303.00 -965.00
	-263.00 -1030.00
part 17
number of vertices# 
10
vertices (x,y)#
	-143.00 -1235.00
	-96.00 -1174.00
	-75.00 -1048.00
	-404.00 -438.00
	-458.00 -481.00
	-479.00 -607.00
	-483.00 -684.00
	-451.00 -936.00
	-318.00 -1275.00
	-281.00 -1281.00
part 18
number of vertices# 
11
vertices (x,y)#
	25.00 -1887.00
	72.00 -1826.00
	69.00 -1765.00
	-64.00 -1426.00
	-393.00 -816.00
	-426.00 -848.00
	-447.00 -974.00
	-489.00 -1339.00
	-457.00 -1591.00
	-324.00 -1930.00
	-113.00 -1933.00
part 19
number of vertices# 
6
vertices (x,y)#
	160.00 -1780.00
	254.00 -1658.00
	-404.00 -438.00
	-446.00 -690.00
	-382.00 -1194.00
	-116.00 -1872.00
part 20
number of vertices# 
12
vertices (x,y)#
	207.00 -1719.00
	254.00 -1658.00
	288.00 -883.00
	-41.00 -273.00
	-202.00 -219.00
	-407.00 -313.00
	-428.00 -439.00
	-439.00 -519.00
	-407.00 -771.00
	-393.00 -816.00
	-260.00 -1155.00
	69.00 -1765.00
part 21
number of vertices# 
11
vertices (x,y)#
	127.00 -829.00
	161.00 -54.00
	154.00 43.00
	-7.00 97.00
	-238.00 22.00
	-443.00 -72.00
	-454.00 -152.00
	-461.00 -203.00
	-447.00 -248.00
	-118.00 -858.00
	-78.00 -923.00
part 22
number of vertices# 
10
vertices (x,y)#
	-75.00 -1048.00
	-41.00 -273.00
	-202.00 -219.00
	-407.00 -313.00
	-461.00 -356.00
	-472.00 -436.00
	-476.00 -513.00
	-462.00 -558.00
	-133.00 -1168.00
	-96.00 -1174.00
part 23
number of vertices# 
11
vertices (x,y)#
	106.00 -1051.00
	103.00 -990.00
	-30.00 -651.00
	-191.00 -597.00
	-396.00 -691.00
	-429.00 -723.00
	-440.00 -803.00
	-482.00 -1168.00
	-468.00 -1213.00
	-139.00 -1823.00
	72.00 -1826.00
part 24
number of vertices# 
12
vertices (x,y)#
	207.00 -1719.00
	254.00 -1658.00
	288.00 -883.00
	-41.00 -273.00
	-202.00 -219.00
	-407.00 -313.00
	-428.00 -439.00
	-439.00 -519.00
	-407.00 -771.00
	-393.00 -816.00
	-260.00 -1155.00
	69.00 -1765.00
part 25
number of vertices# 
6
vertices (x,y)#
	322.00 -108.00
	0.00 0.00
	-410.00 -188.00
	-432.00 -348.00
	-404.00 -438.00
	254.00 -1658.00
