Number of parts# 
 4
part 1
number of vertices# 
11
vertices (x,y)#
	268.00 -427.00
	346.00 -417.00
	349.00 -337.00
	242.00 79.00
	0.00 77.00
	-255.00 -49.00
	-300.00 -153.00
	-300.00 -297.00
	-245.00 -398.00
	-155.00 -435.00
	84.00 -436.00
part 2
number of vertices# 
10
vertices (x,y)#
	478.00 -414.00
	536.00 -401.00
	539.00 -321.00
	329.00 79.00
	297.00 133.00
	55.00 131.00
	0.00 77.00
	-0.00 -0.00
	107.00 -416.00
	346.00 -417.00
part 3
number of vertices# 
11
vertices (x,y)#
	723.00 -449.00
	788.00 -258.00
	791.00 -178.00
	445.00 42.00
	329.00 79.00
	87.00 77.00
	87.00 -0.00
	297.00 -400.00
	368.00 -431.00
	436.00 -451.00
	675.00 -452.00
part 4
number of vertices# 
7
vertices (x,y)#
	791.00 -178.00
	794.00 40.00
	445.00 42.00
	203.00 40.00
	203.00 -37.00
	549.00 -257.00
	788.00 -258.00
