Number of parts# 
 5
part 1
number of vertices# 
9
vertices (x,y)#
	274.00 -316.00
	371.00 -309.00
	372.00 7.00
	297.00 238.00
	246.00 245.00
	-29.00 245.00
	-94.00 205.00
	-92.00 -111.00
	2.00 -316.00
part 2
number of vertices# 
8
vertices (x,y)#
	55.00 -114.00
	56.00 202.00
	13.00 256.00
	-64.00 260.00
	-339.00 260.00
	-345.00 223.00
	-343.00 -93.00
	-217.00 -114.00
part 3
number of vertices# 
9
vertices (x,y)#
	-723.00 -261.00
	-662.00 -258.00
	-323.00 -125.00
	-322.00 191.00
	-354.00 224.00
	-719.00 266.00
	-994.00 266.00
	-997.00 55.00
	-995.00 -261.00
part 4
number of vertices# 
10
vertices (x,y)#
	-555.00 -443.00
	55.00 -114.00
	56.00 202.00
	-70.00 223.00
	-345.00 223.00
	-597.00 191.00
	-936.00 58.00
	-934.00 -258.00
	-888.00 -396.00
	-827.00 -443.00
part 5
number of vertices# 
10
vertices (x,y)#
	220.00 -477.00
	274.00 -316.00
	275.00 -0.00
	181.00 205.00
	101.00 216.00
	-174.00 216.00
	-219.00 202.00
	-829.00 -127.00
	-827.00 -443.00
	-52.00 -477.00
