Number of parts# 
 10
part 1
number of vertices# 
8
vertices (x,y)#
	174.00 -119.00
	238.00 -22.00
	245.00 29.00
	205.00 94.00
	125.00 65.00
	-80.00 -29.00
	-73.00 -126.00
	-57.00 -194.00
part 2
number of vertices# 
7
vertices (x,y)#
	192.00 165.00
	256.00 262.00
	260.00 339.00
	223.00 345.00
	143.00 316.00
	122.00 190.00
	138.00 122.00
part 3
number of vertices# 
8
vertices (x,y)#
	160.00 532.00
	224.00 629.00
	266.00 994.00
	55.00 997.00
	-25.00 968.00
	-22.00 907.00
	-6.00 839.00
	127.00 500.00
part 4
number of vertices# 
9
vertices (x,y)#
	202.00 219.00
	223.00 345.00
	191.00 597.00
	58.00 936.00
	-80.00 890.00
	-160.00 861.00
	-207.00 800.00
	-191.00 732.00
	138.00 122.00
part 5
number of vertices# 
9
vertices (x,y)#
	141.00 -3.00
	205.00 94.00
	216.00 174.00
	202.00 219.00
	-127.00 829.00
	-207.00 800.00
	-241.00 25.00
	-225.00 -43.00
	-64.00 -97.00
part 6
number of vertices# 
10
vertices (x,y)#
	434.00 -641.00
	441.00 -590.00
	417.00 155.00
	377.00 220.00
	172.00 126.00
	-0.00 0.00
	-64.00 -97.00
	-86.00 -613.00
	-79.00 -710.00
	203.00 -716.00
part 7
number of vertices# 
9
vertices (x,y)#
	452.00 -357.00
	456.00 -280.00
	432.00 465.00
	395.00 471.00
	223.00 345.00
	159.00 248.00
	138.00 122.00
	116.00 -394.00
	398.00 -400.00
part 8
number of vertices# 
10
vertices (x,y)#
	420.00 10.00
	462.00 375.00
	438.00 1120.00
	227.00 1123.00
	55.00 997.00
	-9.00 900.00
	-31.00 384.00
	-28.00 323.00
	105.00 -16.00
	387.00 -22.00
part 9
number of vertices# 
11
vertices (x,y)#
	419.00 -274.00
	395.00 471.00
	363.00 723.00
	230.00 1062.00
	92.00 1016.00
	-80.00 890.00
	-127.00 829.00
	-191.00 732.00
	-213.00 216.00
	116.00 -394.00
	398.00 -400.00
part 10
number of vertices# 
11
vertices (x,y)#
	401.00 -525.00
	412.00 -445.00
	388.00 300.00
	374.00 345.00
	45.00 955.00
	-127.00 829.00
	-191.00 732.00
	-225.00 -43.00
	-247.00 -559.00
	-86.00 -613.00
	196.00 -619.00
