Number of parts# 
 4
part 1
number of vertices# 
12
vertices (x,y)#
	22.00 -435.00
	206.00 -426.00
	284.00 -416.00
	359.00 -266.00
	252.00 150.00
	77.00 148.00
	-178.00 22.00
	-255.00 -126.00
	-300.00 -230.00
	-300.00 -297.00
	-245.00 -398.00
	-155.00 -435.00
part 2
number of vertices# 
10
vertices (x,y)#
	284.00 -416.00
	416.00 -413.00
	474.00 -400.00
	549.00 -250.00
	339.00 150.00
	307.00 204.00
	132.00 202.00
	77.00 148.00
	0.00 0.00
	107.00 -416.00
part 3
number of vertices# 
11
vertices (x,y)#
	613.00 -451.00
	661.00 -448.00
	736.00 -298.00
	801.00 -107.00
	455.00 113.00
	339.00 150.00
	164.00 148.00
	87.00 0.00
	297.00 -400.00
	368.00 -431.00
	436.00 -451.00
part 4
number of vertices# 
7
vertices (x,y)#
	726.00 -257.00
	801.00 -107.00
	804.00 111.00
	455.00 113.00
	280.00 111.00
	203.00 -37.00
	549.00 -257.00
