Number of parts# 
 4
part 1
number of vertices# 
12
vertices (x,y)#
	108.00 -668.00
	186.00 -658.00
	184.00 -416.00
	77.00 0.00
	0.00 0.00
	-255.00 -126.00
	-300.00 -230.00
	-301.00 -469.00
	-301.00 -536.00
	-246.00 -637.00
	-156.00 -674.00
	-76.00 -677.00
part 2
number of vertices# 
10
vertices (x,y)#
	318.00 -655.00
	376.00 -642.00
	374.00 -400.00
	164.00 0.00
	132.00 54.00
	55.00 54.00
	-0.00 0.00
	-1.00 -239.00
	106.00 -655.00
	186.00 -658.00
part 3
number of vertices# 
11
vertices (x,y)#
	563.00 -690.00
	628.00 -499.00
	626.00 -257.00
	280.00 -37.00
	164.00 -0.00
	87.00 -0.00
	86.00 -239.00
	296.00 -639.00
	367.00 -670.00
	435.00 -690.00
	515.00 -693.00
part 4
number of vertices# 
7
vertices (x,y)#
	631.00 -281.00
	629.00 -39.00
	280.00 -37.00
	203.00 -37.00
	202.00 -276.00
	548.00 -496.00
	628.00 -499.00
