Number of parts# 
 10
part 1
number of vertices# 
9
vertices (x,y)#
	-233.00 -481.00
	-2.00 -406.00
	238.00 -22.00
	245.00 29.00
	205.00 94.00
	14.00 94.00
	-191.00 0.00
	-310.00 -384.00
	-303.00 -481.00
part 2
number of vertices# 
8
vertices (x,y)#
	-38.00 -165.00
	16.00 -122.00
	256.00 262.00
	260.00 339.00
	223.00 345.00
	32.00 345.00
	-87.00 -39.00
	-108.00 -165.00
part 3
number of vertices# 
9
vertices (x,y)#
	-49.00 213.00
	-16.00 245.00
	224.00 629.00
	266.00 994.00
	55.00 997.00
	-136.00 997.00
	-255.00 613.00
	-252.00 552.00
	-119.00 213.00
part 4
number of vertices# 
10
vertices (x,y)#
	-38.00 -165.00
	202.00 219.00
	223.00 345.00
	191.00 597.00
	58.00 936.00
	-133.00 936.00
	-271.00 890.00
	-318.00 829.00
	-437.00 445.00
	-108.00 -165.00
part 5
number of vertices# 
10
vertices (x,y)#
	-240.00 -384.00
	-35.00 -290.00
	205.00 94.00
	216.00 174.00
	202.00 219.00
	-127.00 829.00
	-318.00 829.00
	-437.00 445.00
	-471.00 -330.00
	-310.00 -384.00
part 6
number of vertices# 
9
vertices (x,y)#
	7.00 -855.00
	238.00 -780.00
	245.00 -729.00
	245.00 29.00
	205.00 94.00
	-0.00 0.00
	-240.00 -384.00
	-241.00 -759.00
	-234.00 -856.00
part 7
number of vertices# 
8
vertices (x,y)#
	202.00 -539.00
	256.00 -496.00
	260.00 -419.00
	260.00 339.00
	223.00 345.00
	-17.00 -39.00
	-38.00 -165.00
	-39.00 -540.00
part 8
number of vertices# 
9
vertices (x,y)#
	191.00 -161.00
	224.00 -129.00
	266.00 236.00
	266.00 994.00
	55.00 997.00
	-185.00 613.00
	-186.00 238.00
	-183.00 177.00
	-50.00 -162.00
part 9
number of vertices# 
10
vertices (x,y)#
	202.00 -539.00
	223.00 -413.00
	223.00 345.00
	191.00 597.00
	58.00 936.00
	-80.00 890.00
	-127.00 829.00
	-367.00 445.00
	-368.00 70.00
	-39.00 -540.00
part 10
number of vertices# 
10
vertices (x,y)#
	-0.00 -758.00
	205.00 -664.00
	216.00 -584.00
	216.00 174.00
	202.00 219.00
	-127.00 829.00
	-367.00 445.00
	-401.00 -330.00
	-402.00 -705.00
	-241.00 -759.00
