Number of parts# 
 8
part 1
number of vertices# 
12
vertices (x,y)#
	-240.00 -384.00
	15.00 -258.00
	255.00 126.00
	300.00 230.00
	300.00 297.00
	245.00 398.00
	155.00 435.00
	-36.00 435.00
	-220.00 426.00
	-298.00 416.00
	-417.00 32.00
	-310.00 -384.00
part 2
number of vertices# 
11
vertices (x,y)#
	-0.00 -758.00
	255.00 -632.00
	300.00 -528.00
	300.00 297.00
	245.00 398.00
	155.00 435.00
	-29.00 426.00
	-107.00 416.00
	-347.00 32.00
	-348.00 -343.00
	-241.00 -759.00
part 3
number of vertices# 
10
vertices (x,y)#
	-295.00 -438.00
	-240.00 -384.00
	0.00 0.00
	-107.00 416.00
	-298.00 416.00
	-430.00 413.00
	-488.00 400.00
	-607.00 16.00
	-397.00 -384.00
	-365.00 -438.00
part 4
number of vertices# 
10
vertices (x,y)#
	-55.00 -812.00
	-0.00 -758.00
	-0.00 0.00
	-107.00 416.00
	-239.00 413.00
	-297.00 400.00
	-537.00 16.00
	-538.00 -359.00
	-328.00 -759.00
	-296.00 -813.00
part 5
number of vertices# 
11
vertices (x,y)#
	-327.00 -384.00
	-87.00 0.00
	-297.00 400.00
	-368.00 431.00
	-436.00 451.00
	-627.00 451.00
	-675.00 448.00
	-740.00 257.00
	-859.00 -127.00
	-513.00 -347.00
	-397.00 -384.00
part 6
number of vertices# 
11
vertices (x,y)#
	-87.00 -758.00
	-87.00 0.00
	-297.00 400.00
	-368.00 431.00
	-436.00 451.00
	-484.00 448.00
	-724.00 64.00
	-789.00 -127.00
	-790.00 -502.00
	-444.00 -722.00
	-328.00 -759.00
part 7
number of vertices# 
7
vertices (x,y)#
	-443.00 -347.00
	-203.00 37.00
	-549.00 257.00
	-740.00 257.00
	-859.00 -127.00
	-862.00 -345.00
	-513.00 -347.00
part 8
number of vertices# 
7
vertices (x,y)#
	-203.00 -721.00
	-203.00 37.00
	-549.00 257.00
	-789.00 -127.00
	-792.00 -345.00
	-793.00 -720.00
	-444.00 -722.00
