Number of parts# 
 5
part 1
number of vertices# 
9
vertices (x,y)#
	150.00 -252.00
	148.00 -77.00
	141.00 20.00
	-7.00 97.00
	-238.00 22.00
	-245.00 -29.00
	-245.00 -206.00
	-205.00 -271.00
	-55.00 -346.00
part 2
number of vertices# 
8
vertices (x,y)#
	-52.00 -471.00
	-54.00 -296.00
	-202.00 -219.00
	-256.00 -262.00
	-260.00 -339.00
	-260.00 -516.00
	-110.00 -591.00
	-73.00 -597.00
part 3
number of vertices# 
9
vertices (x,y)#
	93.00 -1074.00
	90.00 -1013.00
	-43.00 -674.00
	-191.00 -597.00
	-224.00 -629.00
	-266.00 -994.00
	-266.00 -1171.00
	-116.00 -1246.00
	95.00 -1249.00
part 4
number of vertices# 
10
vertices (x,y)#
	230.00 -1142.00
	277.00 -1081.00
	275.00 -906.00
	-54.00 -296.00
	-202.00 -219.00
	-223.00 -345.00
	-223.00 -522.00
	-191.00 -774.00
	-58.00 -1113.00
	92.00 -1188.00
part 5
number of vertices# 
10
vertices (x,y)#
	311.00 -306.00
	309.00 -131.00
	161.00 -54.00
	0.00 0.00
	-205.00 -94.00
	-216.00 -174.00
	-216.00 -351.00
	-202.00 -396.00
	127.00 -1006.00
	277.00 -1081.00
