Number of parts# 
 25
part 1
number of vertices# 
9
vertices (x,y)#
	29.00 -245.00
	94.00 -205.00
	92.00 -83.00
	-2.00 122.00
	-99.00 115.00
	-339.00 21.00
	-302.00 -98.00
	-227.00 -329.00
	-176.00 -336.00
part 2
number of vertices# 
8
vertices (x,y)#
	339.00 -260.00
	345.00 -223.00
	343.00 -101.00
	217.00 -80.00
	-23.00 -174.00
	14.00 -293.00
	57.00 -347.00
	134.00 -351.00
part 3
number of vertices# 
9
vertices (x,y)#
	994.00 -266.00
	997.00 -55.00
	995.00 67.00
	934.00 64.00
	694.00 -30.00
	355.00 -163.00
	392.00 -282.00
	424.00 -315.00
	789.00 -357.00
part 4
number of vertices# 
10
vertices (x,y)#
	392.00 -282.00
	731.00 -149.00
	936.00 -58.00
	934.00 64.00
	888.00 202.00
	827.00 249.00
	587.00 155.00
	-23.00 -174.00
	14.00 -293.00
	140.00 -314.00
part 5
number of vertices# 
10
vertices (x,y)#
	14.00 -293.00
	219.00 -202.00
	829.00 127.00
	827.00 249.00
	52.00 283.00
	-188.00 189.00
	-242.00 28.00
	-205.00 -91.00
	-111.00 -296.00
	-31.00 -307.00
part 6
number of vertices# 
10
vertices (x,y)#
	352.00 -353.00
	332.00 -286.00
	238.00 -81.00
	0.00 0.00
	-97.00 -7.00
	-302.00 -98.00
	-292.00 -137.00
	-217.00 -368.00
	-166.00 -375.00
	287.00 -393.00
part 7
number of vertices# 
9
vertices (x,y)#
	603.00 -371.00
	583.00 -304.00
	345.00 -223.00
	219.00 -202.00
	14.00 -293.00
	24.00 -332.00
	67.00 -386.00
	144.00 -390.00
	597.00 -408.00
part 8
number of vertices# 
10
vertices (x,y)#
	1255.00 -203.00
	1235.00 -136.00
	997.00 -55.00
	936.00 -58.00
	597.00 -191.00
	392.00 -282.00
	402.00 -321.00
	434.00 -354.00
	799.00 -396.00
	1252.00 -414.00
part 9
number of vertices# 
11
vertices (x,y)#
	855.00 -339.00
	1194.00 -206.00
	1174.00 -139.00
	1128.00 -1.00
	1067.00 46.00
	829.00 127.00
	624.00 36.00
	14.00 -293.00
	24.00 -332.00
	150.00 -353.00
	603.00 -371.00
part 10
number of vertices# 
11
vertices (x,y)#
	477.00 -350.00
	1087.00 -21.00
	1067.00 46.00
	829.00 127.00
	54.00 161.00
	-151.00 70.00
	-205.00 -91.00
	-195.00 -130.00
	-101.00 -335.00
	-21.00 -346.00
	432.00 -364.00
part 11
number of vertices# 
9
vertices (x,y)#
	-125.00 -564.00
	-138.00 -419.00
	-232.00 -214.00
	-329.00 -221.00
	-386.00 -250.00
	-383.00 -288.00
	-308.00 -519.00
	-241.00 -597.00
	-190.00 -604.00
part 12
number of vertices# 
8
vertices (x,y)#
	126.00 -582.00
	113.00 -437.00
	-13.00 -416.00
	-70.00 -445.00
	-67.00 -483.00
	-24.00 -537.00
	43.00 -615.00
	120.00 -619.00
part 13
number of vertices# 
9
vertices (x,y)#
	778.00 -414.00
	765.00 -269.00
	704.00 -272.00
	365.00 -405.00
	308.00 -434.00
	311.00 -472.00
	378.00 -550.00
	410.00 -583.00
	775.00 -625.00
part 14
number of vertices# 
10
vertices (x,y)#
	378.00 -550.00
	717.00 -417.00
	704.00 -272.00
	658.00 -134.00
	597.00 -87.00
	540.00 -116.00
	-70.00 -445.00
	-67.00 -483.00
	0.00 -561.00
	126.00 -582.00
part 15
number of vertices# 
10
vertices (x,y)#
	-0.00 -561.00
	610.00 -232.00
	597.00 -87.00
	-178.00 -53.00
	-235.00 -82.00
	-289.00 -243.00
	-286.00 -281.00
	-192.00 -486.00
	-125.00 -564.00
	-45.00 -575.00
part 16
number of vertices# 
10
vertices (x,y)#
	-62.00 -641.00
	352.00 -353.00
	258.00 -148.00
	-195.00 -130.00
	-292.00 -137.00
	-329.00 -221.00
	-316.00 -366.00
	-241.00 -597.00
	-178.00 -674.00
	-127.00 -681.00
part 17
number of vertices# 
9
vertices (x,y)#
	597.00 -408.00
	603.00 -371.00
	477.00 -350.00
	24.00 -332.00
	-13.00 -416.00
	-0.00 -561.00
	43.00 -615.00
	106.00 -692.00
	183.00 -696.00
part 18
number of vertices# 
10
vertices (x,y)#
	1252.00 -414.00
	1255.00 -203.00
	802.00 -185.00
	741.00 -188.00
	402.00 -321.00
	365.00 -405.00
	378.00 -550.00
	441.00 -627.00
	473.00 -660.00
	838.00 -702.00
part 19
number of vertices# 
11
vertices (x,y)#
	441.00 -627.00
	780.00 -494.00
	1194.00 -206.00
	1148.00 -68.00
	1087.00 -21.00
	634.00 -3.00
	24.00 -332.00
	-13.00 -416.00
	-0.00 -561.00
	63.00 -638.00
	189.00 -659.00
part 20
number of vertices# 
11
vertices (x,y)#
	63.00 -638.00
	673.00 -309.00
	1087.00 -21.00
	312.00 13.00
	-141.00 31.00
	-178.00 -53.00
	-232.00 -214.00
	-219.00 -359.00
	-125.00 -564.00
	-62.00 -641.00
	18.00 -652.00
part 21
number of vertices# 
9
vertices (x,y)#
	55.00 -1220.00
	120.00 -1180.00
	352.00 -353.00
	258.00 -148.00
	161.00 -155.00
	-253.00 -443.00
	-265.00 -982.00
	-190.00 -1213.00
	-139.00 -1220.00
part 22
number of vertices# 
8
vertices (x,y)#
	365.00 -1235.00
	597.00 -408.00
	603.00 -371.00
	477.00 -350.00
	63.00 -638.00
	51.00 -1177.00
	94.00 -1231.00
	171.00 -1235.00
part 23
number of vertices# 
9
vertices (x,y)#
	1020.00 -1241.00
	1252.00 -414.00
	1255.00 -203.00
	1194.00 -206.00
	855.00 -339.00
	441.00 -627.00
	429.00 -1166.00
	461.00 -1199.00
	826.00 -1241.00
part 24
number of vertices# 
10
vertices (x,y)#
	371.00 -1198.00
	623.00 -1166.00
	962.00 -1033.00
	1194.00 -206.00
	1148.00 -68.00
	1087.00 -21.00
	477.00 -350.00
	63.00 -638.00
	51.00 -1177.00
	177.00 -1198.00
part 25
number of vertices# 
10
vertices (x,y)#
	200.00 -1191.00
	245.00 -1177.00
	855.00 -848.00
	1087.00 -21.00
	312.00 13.00
	-102.00 -275.00
	-156.00 -436.00
	-168.00 -975.00
	-74.00 -1180.00
	6.00 -1191.00
