Number of parts# 
 8
part 1
number of vertices# 
12
vertices (x,y)#
	0.00 0.00
	0.00 191.00
	-126.00 446.00
	-230.00 491.00
	-614.00 610.00
	-681.00 610.00
	-782.00 555.00
	-819.00 465.00
	-819.00 395.00
	-810.00 211.00
	-800.00 133.00
	-416.00 -107.00
part 2
number of vertices# 
10
vertices (x,y)#
	0.00 -87.00
	54.00 -55.00
	54.00 136.00
	0.00 191.00
	-384.00 310.00
	-800.00 203.00
	-800.00 133.00
	-797.00 1.00
	-784.00 -57.00
	-400.00 -297.00
part 3
number of vertices# 
11
vertices (x,y)#
	-37.00 -203.00
	-0.00 -87.00
	0.00 104.00
	-384.00 223.00
	-784.00 13.00
	-815.00 -58.00
	-835.00 -126.00
	-835.00 -196.00
	-832.00 -244.00
	-448.00 -484.00
	-257.00 -549.00
part 4
number of vertices# 
7
vertices (x,y)#
	-37.00 -203.00
	-37.00 -12.00
	-421.00 107.00
	-641.00 -239.00
	-641.00 -309.00
	-257.00 -549.00
	-39.00 -552.00
part 5
number of vertices# 
12
vertices (x,y)#
	-416.00 -107.00
	0.00 0.00
	-126.00 255.00
	-510.00 495.00
	-614.00 540.00
	-989.00 541.00
	-1056.00 541.00
	-1157.00 486.00
	-1194.00 396.00
	-1193.00 155.00
	-1184.00 -29.00
	-1174.00 -107.00
part 6
number of vertices# 
10
vertices (x,y)#
	-400.00 -297.00
	0.00 -87.00
	54.00 -55.00
	0.00 -0.00
	-384.00 240.00
	-759.00 241.00
	-1175.00 134.00
	-1174.00 -107.00
	-1171.00 -239.00
	-1158.00 -297.00
part 7
number of vertices# 
11
vertices (x,y)#
	-257.00 -549.00
	-37.00 -203.00
	0.00 -87.00
	-384.00 153.00
	-759.00 154.00
	-1159.00 -56.00
	-1190.00 -127.00
	-1210.00 -195.00
	-1209.00 -436.00
	-1206.00 -484.00
	-1015.00 -549.00
part 8
number of vertices# 
7
vertices (x,y)#
	-39.00 -552.00
	-37.00 -203.00
	-421.00 37.00
	-796.00 38.00
	-1016.00 -308.00
	-1015.00 -549.00
	-797.00 -552.00
