Number of parts# 
 4
part 1
number of vertices# 
12
vertices (x,y)#
	-239.00 -107.00
	177.00 -0.00
	252.00 150.00
	126.00 405.00
	22.00 450.00
	-45.00 450.00
	-220.00 448.00
	-321.00 393.00
	-398.00 245.00
	-435.00 155.00
	-426.00 -29.00
	-416.00 -107.00
part 2
number of vertices# 
10
vertices (x,y)#
	-223.00 -297.00
	177.00 -87.00
	231.00 -55.00
	306.00 95.00
	252.00 150.00
	77.00 148.00
	-339.00 41.00
	-416.00 -107.00
	-413.00 -239.00
	-400.00 -297.00
part 3
number of vertices# 
11
vertices (x,y)#
	-80.00 -549.00
	140.00 -203.00
	215.00 -53.00
	252.00 63.00
	77.00 61.00
	-323.00 -149.00
	-400.00 -297.00
	-431.00 -368.00
	-451.00 -436.00
	-448.00 -484.00
	-257.00 -549.00
part 4
number of vertices# 
7
vertices (x,y)#
	138.00 -552.00
	213.00 -402.00
	215.00 -53.00
	40.00 -55.00
	-180.00 -401.00
	-257.00 -549.00
	-39.00 -552.00
