Number of parts# 
 4
part 1
number of vertices# 
12
vertices (x,y)#
	334.00 -116.00
	379.00 -12.00
	379.00 55.00
	377.00 297.00
	322.00 398.00
	232.00 435.00
	155.00 435.00
	-29.00 426.00
	-107.00 416.00
	-108.00 177.00
	-1.00 -239.00
	79.00 -242.00
part 2
number of vertices# 
10
vertices (x,y)#
	79.00 -242.00
	77.00 0.00
	-30.00 416.00
	-107.00 416.00
	-239.00 413.00
	-297.00 400.00
	-298.00 161.00
	-88.00 -239.00
	-56.00 -293.00
	24.00 -296.00
part 3
number of vertices# 
11
vertices (x,y)#
	-10.00 -0.00
	-220.00 400.00
	-291.00 431.00
	-359.00 451.00
	-436.00 451.00
	-484.00 448.00
	-549.00 257.00
	-550.00 18.00
	-204.00 -202.00
	-88.00 -239.00
	-8.00 -242.00
part 4
number of vertices# 
7
vertices (x,y)#
	-126.00 37.00
	-472.00 257.00
	-549.00 257.00
	-552.00 39.00
	-553.00 -200.00
	-473.00 -203.00
	-124.00 -205.00
