Number of parts# 
 10
part 1
number of vertices# 
8
vertices (x,y)#
	126.00 -73.00
	194.00 -57.00
	119.00 174.00
	22.00 238.00
	-29.00 245.00
	-94.00 205.00
	-65.00 125.00
	29.00 -80.00
part 2
number of vertices# 
10
vertices (x,y)#
	710.00 -79.00
	716.00 203.00
	641.00 434.00
	590.00 441.00
	-155.00 417.00
	-220.00 377.00
	-126.00 172.00
	-0.00 0.00
	97.00 -64.00
	613.00 -86.00
part 3
number of vertices# 
7
vertices (x,y)#
	-122.00 138.00
	-165.00 192.00
	-262.00 256.00
	-339.00 260.00
	-345.00 223.00
	-316.00 143.00
	-190.00 122.00
part 4
number of vertices# 
9
vertices (x,y)#
	400.00 398.00
	357.00 452.00
	280.00 456.00
	-465.00 432.00
	-471.00 395.00
	-345.00 223.00
	-248.00 159.00
	-122.00 138.00
	394.00 116.00
part 5
number of vertices# 
8
vertices (x,y)#
	-907.00 -22.00
	-839.00 -6.00
	-500.00 127.00
	-532.00 160.00
	-629.00 224.00
	-994.00 266.00
	-997.00 55.00
	-968.00 -25.00
part 6
number of vertices# 
10
vertices (x,y)#
	-323.00 -28.00
	16.00 105.00
	22.00 387.00
	-10.00 420.00
	-375.00 462.00
	-1120.00 438.00
	-1123.00 227.00
	-997.00 55.00
	-900.00 -9.00
	-384.00 -31.00
part 7
number of vertices# 
9
vertices (x,y)#
	-732.00 -191.00
	-122.00 138.00
	-219.00 202.00
	-345.00 223.00
	-597.00 191.00
	-936.00 58.00
	-890.00 -80.00
	-861.00 -160.00
	-800.00 -207.00
part 8
number of vertices# 
11
vertices (x,y)#
	394.00 116.00
	400.00 398.00
	274.00 419.00
	-471.00 395.00
	-723.00 363.00
	-1062.00 230.00
	-1016.00 92.00
	-890.00 -80.00
	-829.00 -127.00
	-732.00 -191.00
	-216.00 -213.00
part 9
number of vertices# 
9
vertices (x,y)#
	43.00 -225.00
	97.00 -64.00
	3.00 141.00
	-94.00 205.00
	-174.00 216.00
	-219.00 202.00
	-829.00 -127.00
	-800.00 -207.00
	-25.00 -241.00
part 10
number of vertices# 
11
vertices (x,y)#
	613.00 -86.00
	619.00 196.00
	525.00 401.00
	445.00 412.00
	-300.00 388.00
	-345.00 374.00
	-955.00 45.00
	-829.00 -127.00
	-732.00 -191.00
	43.00 -225.00
	559.00 -247.00
