Number of parts# 
 5
part 1
number of vertices# 
9
vertices (x,y)#
	0.00 -275.00
	0.00 0.00
	-7.00 97.00
	-323.00 95.00
	-554.00 20.00
	-561.00 -31.00
	-561.00 -303.00
	-521.00 -368.00
	-205.00 -369.00
part 2
number of vertices# 
8
vertices (x,y)#
	-202.00 -494.00
	-202.00 -219.00
	-518.00 -221.00
	-572.00 -264.00
	-576.00 -341.00
	-576.00 -613.00
	-539.00 -619.00
	-223.00 -620.00
part 3
number of vertices# 
9
vertices (x,y)#
	-55.00 -997.00
	-58.00 -936.00
	-191.00 -597.00
	-507.00 -599.00
	-540.00 -631.00
	-582.00 -996.00
	-582.00 -1268.00
	-371.00 -1271.00
	-55.00 -1272.00
part 4
number of vertices# 
10
vertices (x,y)#
	80.00 -1165.00
	127.00 -1104.00
	127.00 -829.00
	-202.00 -219.00
	-518.00 -221.00
	-539.00 -347.00
	-539.00 -619.00
	-507.00 -871.00
	-374.00 -1210.00
	-58.00 -1211.00
part 5
number of vertices# 
10
vertices (x,y)#
	161.00 -329.00
	161.00 -54.00
	0.00 0.00
	-316.00 -2.00
	-521.00 -96.00
	-532.00 -176.00
	-532.00 -448.00
	-518.00 -493.00
	-189.00 -1103.00
	127.00 -1104.00
