Number of parts# 
 20
part 1
number of vertices# 
13
vertices (x,y)#
	36.00 -523.00
	114.00 -513.00
	345.00 -438.00
	352.00 -387.00
	245.00 29.00
	205.00 94.00
	0.00 0.00
	-255.00 -126.00
	-300.00 -230.00
	-300.00 -297.00
	-293.00 -394.00
	-238.00 -495.00
	-148.00 -532.00
part 2
number of vertices# 
11
vertices (x,y)#
	246.00 -510.00
	304.00 -497.00
	535.00 -422.00
	542.00 -371.00
	332.00 29.00
	300.00 83.00
	260.00 148.00
	55.00 54.00
	0.00 0.00
	7.00 -97.00
	114.00 -513.00
part 3
number of vertices# 
12
vertices (x,y)#
	491.00 -545.00
	722.00 -470.00
	787.00 -279.00
	794.00 -228.00
	754.00 -163.00
	408.00 57.00
	292.00 94.00
	87.00 0.00
	94.00 -97.00
	304.00 -497.00
	375.00 -528.00
	443.00 -548.00
part 4
number of vertices# 
8
vertices (x,y)#
	787.00 -279.00
	794.00 -228.00
	797.00 -10.00
	757.00 55.00
	408.00 57.00
	203.00 -37.00
	210.00 -134.00
	556.00 -354.00
part 5
number of vertices# 
12
vertices (x,y)#
	231.00 -207.00
	309.00 -197.00
	363.00 -154.00
	367.00 -77.00
	260.00 339.00
	223.00 345.00
	-32.00 219.00
	-77.00 115.00
	-98.00 -11.00
	-98.00 -78.00
	-43.00 -179.00
	47.00 -216.00
part 6
number of vertices# 
10
vertices (x,y)#
	441.00 -194.00
	499.00 -181.00
	553.00 -138.00
	557.00 -61.00
	347.00 339.00
	315.00 393.00
	278.00 399.00
	223.00 345.00
	202.00 219.00
	309.00 -197.00
part 7
number of vertices# 
11
vertices (x,y)#
	686.00 -229.00
	740.00 -186.00
	805.00 5.00
	809.00 82.00
	463.00 302.00
	347.00 339.00
	310.00 345.00
	289.00 219.00
	499.00 -181.00
	570.00 -212.00
	638.00 -232.00
part 8
number of vertices# 
7
vertices (x,y)#
	805.00 5.00
	809.00 82.00
	812.00 300.00
	775.00 306.00
	426.00 308.00
	405.00 182.00
	751.00 -38.00
part 9
number of vertices# 
13
vertices (x,y)#
	220.00 171.00
	298.00 181.00
	331.00 213.00
	373.00 578.00
	266.00 994.00
	55.00 997.00
	-200.00 871.00
	-245.00 767.00
	-245.00 700.00
	-242.00 639.00
	-109.00 300.00
	-54.00 199.00
	36.00 162.00
part 10
number of vertices# 
11
vertices (x,y)#
	430.00 184.00
	488.00 197.00
	521.00 229.00
	563.00 594.00
	353.00 994.00
	321.00 1048.00
	110.00 1051.00
	55.00 997.00
	58.00 936.00
	165.00 520.00
	298.00 181.00
part 11
number of vertices# 
12
vertices (x,y)#
	675.00 149.00
	708.00 181.00
	773.00 372.00
	815.00 737.00
	469.00 957.00
	353.00 994.00
	142.00 997.00
	145.00 936.00
	278.00 597.00
	488.00 197.00
	559.00 166.00
	627.00 146.00
part 12
number of vertices# 
8
vertices (x,y)#
	773.00 372.00
	815.00 737.00
	818.00 955.00
	607.00 958.00
	258.00 960.00
	261.00 899.00
	394.00 560.00
	740.00 340.00
part 13
number of vertices# 
14
vertices (x,y)#
	231.00 -207.00
	309.00 -197.00
	330.00 -71.00
	298.00 181.00
	191.00 597.00
	58.00 936.00
	-80.00 890.00
	-335.00 764.00
	-382.00 703.00
	-427.00 599.00
	-427.00 532.00
	-98.00 -78.00
	-43.00 -179.00
	47.00 -216.00
part 14
number of vertices# 
12
vertices (x,y)#
	441.00 -194.00
	499.00 -181.00
	520.00 -55.00
	488.00 197.00
	355.00 536.00
	145.00 936.00
	113.00 990.00
	-25.00 944.00
	-80.00 890.00
	-127.00 829.00
	-20.00 413.00
	309.00 -197.00
part 15
number of vertices# 
13
vertices (x,y)#
	686.00 -229.00
	751.00 -38.00
	772.00 88.00
	740.00 340.00
	607.00 679.00
	261.00 899.00
	145.00 936.00
	7.00 890.00
	-40.00 829.00
	170.00 429.00
	499.00 -181.00
	570.00 -212.00
	638.00 -232.00
part 16
number of vertices# 
9
vertices (x,y)#
	772.00 88.00
	775.00 306.00
	743.00 558.00
	610.00 897.00
	261.00 899.00
	123.00 853.00
	76.00 792.00
	405.00 182.00
	751.00 -38.00
part 17
number of vertices# 
14
vertices (x,y)#
	29.00 -426.00
	107.00 -416.00
	312.00 -322.00
	323.00 -242.00
	216.00 174.00
	202.00 219.00
	-127.00 829.00
	-382.00 703.00
	-427.00 599.00
	-461.00 -176.00
	-461.00 -243.00
	-406.00 -344.00
	-316.00 -381.00
	-155.00 -435.00
part 18
number of vertices# 
12
vertices (x,y)#
	239.00 -413.00
	297.00 -400.00
	502.00 -306.00
	513.00 -226.00
	499.00 -181.00
	289.00 219.00
	-40.00 829.00
	-72.00 883.00
	-127.00 829.00
	-161.00 54.00
	-54.00 -362.00
	107.00 -416.00
part 19
number of vertices# 
13
vertices (x,y)#
	484.00 -448.00
	689.00 -354.00
	754.00 -163.00
	765.00 -83.00
	751.00 -38.00
	422.00 572.00
	76.00 792.00
	-40.00 829.00
	-74.00 54.00
	136.00 -346.00
	207.00 -377.00
	368.00 -431.00
	436.00 -451.00
part 20
number of vertices# 
9
vertices (x,y)#
	754.00 -163.00
	765.00 -83.00
	768.00 135.00
	754.00 180.00
	425.00 790.00
	76.00 792.00
	42.00 17.00
	388.00 -203.00
	549.00 -257.00
