Number of parts# 
 8
part 1
number of vertices# 
11
vertices (x,y)#
	-225.00 -107.00
	191.00 -0.00
	310.00 384.00
	184.00 639.00
	80.00 684.00
	-57.00 684.00
	-158.00 629.00
	-398.00 245.00
	-435.00 155.00
	-426.00 -29.00
	-416.00 -107.00
part 2
number of vertices# 
10
vertices (x,y)#
	-209.00 -297.00
	191.00 -87.00
	245.00 -55.00
	364.00 329.00
	310.00 384.00
	240.00 384.00
	-176.00 277.00
	-416.00 -107.00
	-413.00 -239.00
	-400.00 -297.00
part 3
number of vertices# 
11
vertices (x,y)#
	-66.00 -549.00
	154.00 -203.00
	191.00 -87.00
	310.00 297.00
	240.00 297.00
	-160.00 87.00
	-400.00 -297.00
	-431.00 -368.00
	-451.00 -436.00
	-448.00 -484.00
	-257.00 -549.00
part 4
number of vertices# 
7
vertices (x,y)#
	152.00 -552.00
	271.00 -168.00
	273.00 181.00
	203.00 181.00
	-17.00 -165.00
	-257.00 -549.00
	-39.00 -552.00
part 5
number of vertices# 
12
vertices (x,y)#
	0.00 0.00
	240.00 384.00
	241.00 759.00
	115.00 1014.00
	11.00 1059.00
	-56.00 1059.00
	-297.00 1058.00
	-398.00 1003.00
	-435.00 913.00
	-435.00 155.00
	-426.00 -29.00
	-416.00 -107.00
part 6
number of vertices# 
10
vertices (x,y)#
	0.00 -87.00
	54.00 -55.00
	294.00 329.00
	295.00 704.00
	241.00 759.00
	0.00 758.00
	-416.00 651.00
	-416.00 -107.00
	-413.00 -239.00
	-400.00 -297.00
part 7
number of vertices# 
11
vertices (x,y)#
	-37.00 -203.00
	203.00 181.00
	240.00 297.00
	241.00 672.00
	0.00 671.00
	-400.00 461.00
	-431.00 390.00
	-451.00 322.00
	-451.00 -436.00
	-448.00 -484.00
	-257.00 -549.00
part 8
number of vertices# 
7
vertices (x,y)#
	201.00 -168.00
	203.00 181.00
	204.00 556.00
	-37.00 555.00
	-257.00 209.00
	-257.00 -549.00
	-39.00 -552.00
