Number of parts# 
 5
part 1
number of vertices# 
9
vertices (x,y)#
	477.00 -23.00
	484.00 28.00
	487.00 108.00
	447.00 173.00
	205.00 171.00
	-0.00 77.00
	-0.00 0.00
	7.00 -97.00
	246.00 -98.00
part 2
number of vertices# 
8
vertices (x,y)#
	495.00 261.00
	499.00 338.00
	502.00 418.00
	465.00 424.00
	223.00 422.00
	202.00 296.00
	202.00 219.00
	441.00 218.00
part 3
number of vertices# 
9
vertices (x,y)#
	463.00 628.00
	505.00 993.00
	508.00 1073.00
	297.00 1076.00
	55.00 1074.00
	55.00 997.00
	58.00 936.00
	191.00 597.00
	430.00 596.00
part 4
number of vertices# 
10
vertices (x,y)#
	462.00 344.00
	465.00 424.00
	433.00 676.00
	300.00 1015.00
	58.00 1013.00
	-80.00 967.00
	-127.00 906.00
	-127.00 829.00
	202.00 219.00
	441.00 218.00
part 5
number of vertices# 
10
vertices (x,y)#
	444.00 93.00
	455.00 173.00
	458.00 253.00
	444.00 298.00
	115.00 908.00
	-127.00 906.00
	-161.00 131.00
	-161.00 54.00
	-0.00 -0.00
	239.00 -1.00
