Number of parts# 
 5
part 1
number of vertices# 
9
vertices (x,y)#
	333.00 -206.00
	336.00 -126.00
	242.00 79.00
	0.00 77.00
	-97.00 70.00
	-97.00 -7.00
	-22.00 -238.00
	29.00 -245.00
	268.00 -246.00
part 2
number of vertices# 
8
vertices (x,y)#
	584.00 -224.00
	587.00 -144.00
	461.00 -123.00
	219.00 -125.00
	219.00 -202.00
	262.00 -256.00
	339.00 -260.00
	578.00 -261.00
part 3
number of vertices# 
9
vertices (x,y)#
	1236.00 -187.00
	1239.00 24.00
	997.00 22.00
	936.00 19.00
	597.00 -114.00
	597.00 -191.00
	629.00 -224.00
	994.00 -266.00
	1233.00 -267.00
part 4
number of vertices# 
10
vertices (x,y)#
	836.00 -192.00
	1175.00 -59.00
	1178.00 21.00
	1132.00 159.00
	1071.00 206.00
	829.00 204.00
	219.00 -125.00
	219.00 -202.00
	345.00 -223.00
	584.00 -224.00
part 5
number of vertices# 
10
vertices (x,y)#
	458.00 -203.00
	1068.00 126.00
	1071.00 206.00
	296.00 240.00
	54.00 238.00
	-0.00 77.00
	-0.00 0.00
	94.00 -205.00
	174.00 -216.00
	413.00 -217.00
