Number of parts# 
 16
part 1
number of vertices# 
12
vertices (x,y)#
	119.00 -47.00
	167.00 248.00
	148.00 349.00
	22.00 604.00
	-82.00 649.00
	-149.00 649.00
	-250.00 594.00
	-398.00 245.00
	-435.00 155.00
	-426.00 -29.00
	-416.00 -107.00
	-297.00 -154.00
part 2
number of vertices# 
10
vertices (x,y)#
	119.00 -134.00
	173.00 -102.00
	221.00 193.00
	202.00 294.00
	148.00 349.00
	-268.00 242.00
	-416.00 -107.00
	-413.00 -239.00
	-400.00 -297.00
	-281.00 -344.00
part 3
number of vertices# 
11
vertices (x,y)#
	82.00 -250.00
	119.00 -134.00
	167.00 161.00
	148.00 262.00
	-252.00 52.00
	-283.00 -19.00
	-431.00 -368.00
	-451.00 -436.00
	-448.00 -484.00
	-329.00 -531.00
	-138.00 -596.00
part 4
number of vertices# 
7
vertices (x,y)#
	128.00 -304.00
	130.00 45.00
	111.00 146.00
	-109.00 -200.00
	-257.00 -549.00
	-138.00 -596.00
	80.00 -599.00
part 5
number of vertices# 
12
vertices (x,y)#
	-416.00 -107.00
	0.00 0.00
	148.00 349.00
	22.00 604.00
	-82.00 649.00
	-1160.00 660.00
	-1227.00 660.00
	-1328.00 605.00
	-1365.00 515.00
	-1356.00 331.00
	-1346.00 253.00
	-490.00 -110.00
part 6
number of vertices# 
10
vertices (x,y)#
	-400.00 -297.00
	0.00 -87.00
	54.00 -55.00
	202.00 294.00
	148.00 349.00
	-930.00 360.00
	-1346.00 253.00
	-1343.00 121.00
	-1330.00 63.00
	-474.00 -300.00
part 7
number of vertices# 
11
vertices (x,y)#
	-257.00 -549.00
	-37.00 -203.00
	111.00 146.00
	148.00 262.00
	-930.00 273.00
	-1330.00 63.00
	-1361.00 -8.00
	-1381.00 -76.00
	-1378.00 -124.00
	-522.00 -487.00
	-331.00 -552.00
part 8
number of vertices# 
7
vertices (x,y)#
	-39.00 -552.00
	109.00 -203.00
	111.00 146.00
	-967.00 157.00
	-1187.00 -189.00
	-331.00 -552.00
	-113.00 -555.00
part 9
number of vertices# 
12
vertices (x,y)#
	-490.00 -110.00
	-74.00 -3.00
	-200.00 252.00
	-304.00 297.00
	-1160.00 660.00
	-1227.00 660.00
	-1328.00 605.00
	-1365.00 515.00
	-1356.00 331.00
	-1346.00 253.00
	-868.00 -41.00
	-619.00 -133.00
part 10
number of vertices# 
10
vertices (x,y)#
	-474.00 -300.00
	-74.00 -90.00
	-20.00 -58.00
	-74.00 -3.00
	-930.00 360.00
	-1346.00 253.00
	-1343.00 121.00
	-1330.00 63.00
	-852.00 -231.00
	-603.00 -323.00
part 11
number of vertices# 
11
vertices (x,y)#
	-331.00 -552.00
	-111.00 -206.00
	-74.00 -90.00
	-930.00 273.00
	-1330.00 63.00
	-1361.00 -8.00
	-1381.00 -76.00
	-1378.00 -124.00
	-900.00 -418.00
	-651.00 -510.00
	-460.00 -575.00
part 12
number of vertices# 
7
vertices (x,y)#
	-113.00 -555.00
	-111.00 -206.00
	-967.00 157.00
	-1187.00 -189.00
	-709.00 -483.00
	-460.00 -575.00
	-242.00 -578.00
part 13
number of vertices# 
11
vertices (x,y)#
	-452.00 66.00
	-578.00 321.00
	-1056.00 615.00
	-1160.00 660.00
	-1227.00 660.00
	-1328.00 605.00
	-1365.00 515.00
	-1355.00 223.00
	-1346.00 39.00
	-1336.00 -39.00
	-868.00 -41.00
part 14
number of vertices# 
9
vertices (x,y)#
	-452.00 -21.00
	-398.00 11.00
	-452.00 66.00
	-930.00 360.00
	-1346.00 253.00
	-1343.00 121.00
	-1333.00 -171.00
	-1320.00 -229.00
	-852.00 -231.00
part 15
number of vertices# 
10
vertices (x,y)#
	-489.00 -137.00
	-452.00 -21.00
	-930.00 273.00
	-1330.00 63.00
	-1361.00 -8.00
	-1381.00 -76.00
	-1371.00 -368.00
	-1368.00 -416.00
	-1177.00 -481.00
	-709.00 -483.00
part 16
number of vertices# 
6
vertices (x,y)#
	-489.00 -137.00
	-967.00 157.00
	-1187.00 -189.00
	-1177.00 -481.00
	-959.00 -484.00
	-491.00 -486.00
