Number of parts# 
 20
part 1
number of vertices# 
9
vertices (x,y)#
	345.00 -160.00
	446.00 -141.00
	371.00 90.00
	22.00 238.00
	-29.00 245.00
	-94.00 205.00
	-141.00 86.00
	-47.00 -119.00
	248.00 -167.00
part 2
number of vertices# 
9
vertices (x,y)#
	446.00 -141.00
	457.00 937.00
	382.00 1168.00
	331.00 1175.00
	266.00 1135.00
	-97.00 279.00
	-94.00 205.00
	0.00 0.00
	349.00 -148.00
part 3
number of vertices# 
9
vertices (x,y)#
	94.00 81.00
	457.00 937.00
	382.00 1168.00
	331.00 1175.00
	266.00 1135.00
	-28.00 657.00
	-120.00 408.00
	-97.00 279.00
	-3.00 74.00
part 4
number of vertices# 
8
vertices (x,y)#
	163.00 459.00
	457.00 937.00
	382.00 1168.00
	331.00 1175.00
	39.00 1165.00
	-26.00 1125.00
	-28.00 657.00
	66.00 452.00
part 5
number of vertices# 
8
vertices (x,y)#
	130.00 54.00
	87.00 108.00
	-262.00 256.00
	-339.00 260.00
	-386.00 141.00
	-392.00 104.00
	-266.00 83.00
	29.00 35.00
part 6
number of vertices# 
8
vertices (x,y)#
	141.00 1132.00
	98.00 1186.00
	21.00 1190.00
	-342.00 334.00
	-348.00 297.00
	-345.00 223.00
	4.00 75.00
	130.00 54.00
part 7
number of vertices# 
8
vertices (x,y)#
	141.00 1132.00
	98.00 1186.00
	21.00 1190.00
	-273.00 712.00
	-365.00 463.00
	-371.00 426.00
	-348.00 297.00
	-222.00 276.00
part 8
number of vertices# 
7
vertices (x,y)#
	141.00 1132.00
	98.00 1186.00
	21.00 1190.00
	-271.00 1180.00
	-277.00 1143.00
	-279.00 675.00
	-153.00 654.00
part 9
number of vertices# 
9
vertices (x,y)#
	-688.00 -109.00
	-587.00 -90.00
	-248.00 43.00
	-280.00 76.00
	-629.00 224.00
	-994.00 266.00
	-1041.00 147.00
	-1044.00 -64.00
	-749.00 -112.00
part 10
number of vertices# 
9
vertices (x,y)#
	-587.00 -90.00
	-248.00 43.00
	-237.00 1121.00
	-269.00 1154.00
	-634.00 1196.00
	-997.00 340.00
	-1000.00 129.00
	-997.00 55.00
	-648.00 -93.00
part 11
number of vertices# 
9
vertices (x,y)#
	-939.00 132.00
	-600.00 265.00
	-237.00 1121.00
	-269.00 1154.00
	-634.00 1196.00
	-928.00 718.00
	-1020.00 469.00
	-1023.00 258.00
	-1000.00 129.00
part 12
number of vertices# 
8
vertices (x,y)#
	-870.00 510.00
	-531.00 643.00
	-237.00 1121.00
	-269.00 1154.00
	-634.00 1196.00
	-926.00 1186.00
	-929.00 975.00
	-931.00 507.00
part 13
number of vertices# 
10
vertices (x,y)#
	-480.00 -275.00
	130.00 54.00
	-219.00 202.00
	-345.00 223.00
	-597.00 191.00
	-936.00 58.00
	-983.00 -61.00
	-937.00 -199.00
	-876.00 -246.00
	-581.00 -294.00
part 14
number of vertices# 
10
vertices (x,y)#
	130.00 54.00
	141.00 1132.00
	15.00 1153.00
	-237.00 1121.00
	-576.00 988.00
	-939.00 132.00
	-936.00 58.00
	-890.00 -80.00
	-829.00 -127.00
	-480.00 -275.00
part 15
number of vertices# 
10
vertices (x,y)#
	-222.00 276.00
	141.00 1132.00
	15.00 1153.00
	-237.00 1121.00
	-576.00 988.00
	-870.00 510.00
	-962.00 261.00
	-939.00 132.00
	-893.00 -6.00
	-832.00 -53.00
part 16
number of vertices# 
9
vertices (x,y)#
	-153.00 654.00
	141.00 1132.00
	15.00 1153.00
	-277.00 1143.00
	-529.00 1111.00
	-868.00 978.00
	-870.00 510.00
	-824.00 372.00
	-763.00 325.00
part 17
number of vertices# 
10
vertices (x,y)#
	295.00 -309.00
	349.00 -148.00
	255.00 57.00
	-94.00 205.00
	-174.00 216.00
	-219.00 202.00
	-829.00 -127.00
	-876.00 -246.00
	-581.00 -294.00
	194.00 -328.00
part 18
number of vertices# 
10
vertices (x,y)#
	349.00 -148.00
	360.00 930.00
	266.00 1135.00
	186.00 1146.00
	141.00 1132.00
	-469.00 803.00
	-832.00 -53.00
	-829.00 -127.00
	-480.00 -275.00
	295.00 -309.00
part 19
number of vertices# 
10
vertices (x,y)#
	306.00 769.00
	360.00 930.00
	266.00 1135.00
	186.00 1146.00
	141.00 1132.00
	-469.00 803.00
	-763.00 325.00
	-855.00 76.00
	-832.00 -53.00
	-57.00 -87.00
part 20
number of vertices# 
9
vertices (x,y)#
	306.00 769.00
	360.00 930.00
	266.00 1135.00
	186.00 1146.00
	-106.00 1136.00
	-151.00 1122.00
	-761.00 793.00
	-763.00 325.00
	12.00 291.00
