Number of parts# 
 5
part 1
number of vertices# 
9
vertices (x,y)#
	97.00 7.00
	97.00 184.00
	22.00 415.00
	-128.00 490.00
	-179.00 497.00
	-244.00 457.00
	-242.00 282.00
	-148.00 77.00
	0.00 -0.00
part 2
number of vertices# 
8
vertices (x,y)#
	-219.00 379.00
	-262.00 433.00
	-412.00 508.00
	-489.00 512.00
	-495.00 475.00
	-493.00 300.00
	-345.00 223.00
	-219.00 202.00
part 3
number of vertices# 
9
vertices (x,y)#
	-936.00 58.00
	-597.00 191.00
	-597.00 368.00
	-629.00 401.00
	-779.00 476.00
	-1144.00 518.00
	-1147.00 307.00
	-1145.00 132.00
	-997.00 55.00
part 4
number of vertices# 
10
vertices (x,y)#
	-219.00 202.00
	-219.00 379.00
	-369.00 454.00
	-495.00 475.00
	-747.00 443.00
	-1086.00 310.00
	-1084.00 135.00
	-1038.00 -3.00
	-977.00 -50.00
	-829.00 -127.00
part 5
number of vertices# 
10
vertices (x,y)#
	0.00 0.00
	0.00 177.00
	-94.00 382.00
	-244.00 457.00
	-324.00 468.00
	-369.00 454.00
	-979.00 125.00
	-977.00 -50.00
	-829.00 -127.00
	-54.00 -161.00
