Number of parts# 
 4
part 1
number of vertices# 
12
vertices (x,y)#
	0.00 0.00
	255.00 126.00
	300.00 230.00
	300.00 297.00
	298.00 613.00
	243.00 714.00
	153.00 751.00
	-119.00 751.00
	-303.00 742.00
	-381.00 732.00
	-382.00 416.00
	-275.00 0.00
part 2
number of vertices# 
10
vertices (x,y)#
	-55.00 -54.00
	0.00 0.00
	-2.00 316.00
	-109.00 732.00
	-381.00 732.00
	-513.00 729.00
	-571.00 716.00
	-572.00 400.00
	-362.00 0.00
	-330.00 -54.00
part 3
number of vertices# 
11
vertices (x,y)#
	-87.00 0.00
	-89.00 316.00
	-299.00 716.00
	-370.00 747.00
	-438.00 767.00
	-710.00 767.00
	-758.00 764.00
	-823.00 573.00
	-824.00 257.00
	-478.00 37.00
	-362.00 0.00
part 4
number of vertices# 
7
vertices (x,y)#
	-203.00 37.00
	-205.00 353.00
	-551.00 573.00
	-823.00 573.00
	-826.00 355.00
	-827.00 39.00
	-478.00 37.00
