Number of parts# 
 25
part 1
number of vertices# 
8
vertices (x,y)#
	94.00 -240.00
	213.00 -203.00
	119.00 37.00
	28.00 242.00
	-94.00 240.00
	-213.00 203.00
	-119.00 -37.00
	-28.00 -242.00
part 2
number of vertices# 
8
vertices (x,y)#
	213.00 -203.00
	252.00 -193.00
	270.00 260.00
	176.00 500.00
	109.00 480.00
	-10.00 443.00
	-91.00 205.00
	91.00 -205.00
part 3
number of vertices# 
8
vertices (x,y)#
	365.00 -287.00
	403.00 -284.00
	481.00 -217.00
	387.00 23.00
	242.00 10.00
	123.00 -27.00
	214.00 -232.00
	243.00 -289.00
part 4
number of vertices# 
9
vertices (x,y)#
	336.00 -230.00
	481.00 -217.00
	558.00 -154.00
	464.00 86.00
	176.00 500.00
	57.00 463.00
	39.00 10.00
	130.00 -195.00
	214.00 -232.00
part 5
number of vertices# 
8
vertices (x,y)#
	1097.00 -166.00
	1097.00 28.00
	1003.00 268.00
	176.00 500.00
	57.00 463.00
	148.00 258.00
	436.00 -156.00
	975.00 -168.00
part 6
number of vertices# 
8
vertices (x,y)#
	-109.00 -480.00
	10.00 -443.00
	91.00 -205.00
	-91.00 205.00
	-213.00 203.00
	-252.00 193.00
	-270.00 -260.00
	-176.00 -500.00
part 7
number of vertices# 
10
vertices (x,y)#
	-18.00 -453.00
	49.00 -433.00
	130.00 -195.00
	148.00 258.00
	57.00 463.00
	18.00 453.00
	-49.00 433.00
	-130.00 195.00
	-148.00 -258.00
	-57.00 -463.00
part 8
number of vertices# 
9
vertices (x,y)#
	133.00 -544.00
	200.00 -524.00
	278.00 -457.00
	359.00 -219.00
	268.00 -14.00
	123.00 -27.00
	84.00 -37.00
	66.00 -490.00
	95.00 -547.00
part 9
number of vertices# 
9
vertices (x,y)#
	211.00 -477.00
	278.00 -457.00
	355.00 -394.00
	436.00 -156.00
	345.00 49.00
	57.00 463.00
	18.00 453.00
	-18.00 -453.00
	66.00 -490.00
part 10
number of vertices# 
9
vertices (x,y)#
	894.00 -406.00
	975.00 -168.00
	975.00 26.00
	884.00 231.00
	57.00 463.00
	18.00 453.00
	0.00 0.00
	288.00 -414.00
	827.00 -426.00
part 11
number of vertices# 
8
vertices (x,y)#
	-242.00 -10.00
	-123.00 27.00
	-214.00 232.00
	-243.00 289.00
	-365.00 287.00
	-403.00 284.00
	-481.00 217.00
	-387.00 -23.00
part 12
number of vertices# 
9
vertices (x,y)#
	-123.00 27.00
	-84.00 37.00
	-66.00 490.00
	-95.00 547.00
	-133.00 544.00
	-200.00 524.00
	-278.00 457.00
	-359.00 219.00
	-268.00 14.00
part 13
number of vertices# 
8
vertices (x,y)#
	-78.00 -67.00
	67.00 -54.00
	145.00 13.00
	116.00 70.00
	78.00 67.00
	-67.00 54.00
	-145.00 -13.00
	-116.00 -70.00
part 14
number of vertices# 
8
vertices (x,y)#
	145.00 13.00
	222.00 76.00
	193.00 133.00
	-95.00 547.00
	-133.00 544.00
	-211.00 477.00
	-229.00 24.00
	-145.00 -13.00
part 15
number of vertices# 
8
vertices (x,y)#
	761.00 64.00
	761.00 258.00
	732.00 315.00
	-95.00 547.00
	-133.00 544.00
	-211.00 477.00
	77.00 63.00
	616.00 51.00
part 16
number of vertices# 
9
vertices (x,y)#
	-57.00 -463.00
	-39.00 -10.00
	-130.00 195.00
	-214.00 232.00
	-336.00 230.00
	-481.00 217.00
	-558.00 154.00
	-464.00 -86.00
	-176.00 -500.00
part 17
number of vertices# 
9
vertices (x,y)#
	-18.00 -453.00
	18.00 453.00
	-66.00 490.00
	-211.00 477.00
	-278.00 457.00
	-355.00 394.00
	-436.00 156.00
	-345.00 -49.00
	-57.00 -463.00
part 18
number of vertices# 
8
vertices (x,y)#
	133.00 -544.00
	211.00 -477.00
	229.00 -24.00
	145.00 13.00
	-145.00 -13.00
	-222.00 -76.00
	-193.00 -133.00
	95.00 -547.00
part 19
number of vertices# 
10
vertices (x,y)#
	211.00 -477.00
	288.00 -414.00
	306.00 39.00
	18.00 453.00
	-66.00 490.00
	-211.00 477.00
	-288.00 414.00
	-306.00 -39.00
	-18.00 -453.00
	66.00 -490.00
part 20
number of vertices# 
8
vertices (x,y)#
	845.00 27.00
	845.00 221.00
	761.00 258.00
	-66.00 490.00
	-211.00 477.00
	-288.00 414.00
	288.00 -414.00
	827.00 -426.00
part 21
number of vertices# 
8
vertices (x,y)#
	-57.00 -463.00
	-148.00 -258.00
	-436.00 156.00
	-975.00 168.00
	-1097.00 166.00
	-1097.00 -28.00
	-1003.00 -268.00
	-176.00 -500.00
part 22
number of vertices# 
9
vertices (x,y)#
	-18.00 -453.00
	0.00 0.00
	-288.00 414.00
	-827.00 426.00
	-894.00 406.00
	-975.00 168.00
	-975.00 -26.00
	-884.00 -231.00
	-57.00 -463.00
part 23
number of vertices# 
8
vertices (x,y)#
	133.00 -544.00
	211.00 -477.00
	-77.00 -63.00
	-616.00 -51.00
	-761.00 -64.00
	-761.00 -258.00
	-732.00 -315.00
	95.00 -547.00
part 24
number of vertices# 
8
vertices (x,y)#
	211.00 -477.00
	288.00 -414.00
	-288.00 414.00
	-827.00 426.00
	-845.00 -27.00
	-845.00 -221.00
	-761.00 -258.00
	66.00 -490.00
part 25
number of vertices# 
8
vertices (x,y)#
	827.00 -232.00
	539.00 182.00
	-288.00 414.00
	-827.00 426.00
	-827.00 232.00
	-539.00 -182.00
	288.00 -414.00
	827.00 -426.00
