Number of parts# 
 8
part 1
number of vertices# 
11
vertices (x,y)#
	-64.00 -97.00
	0.00 0.00
	-126.00 255.00
	-230.00 300.00
	-297.00 300.00
	-377.00 271.00
	-478.00 216.00
	-515.00 126.00
	-506.00 -58.00
	-496.00 -136.00
	-480.00 -204.00
part 2
number of vertices# 
13
vertices (x,y)#
	196.00 -619.00
	172.00 126.00
	46.00 381.00
	-58.00 426.00
	-125.00 426.00
	-226.00 371.00
	-398.00 245.00
	-462.00 148.00
	-499.00 58.00
	-521.00 -458.00
	-512.00 -642.00
	-502.00 -720.00
	-220.00 -726.00
part 3
number of vertices# 
9
vertices (x,y)#
	-64.00 -184.00
	-10.00 -152.00
	54.00 -55.00
	0.00 -0.00
	-416.00 -107.00
	-496.00 -136.00
	-493.00 -268.00
	-480.00 -326.00
	-464.00 -394.00
part 4
number of vertices# 
11
vertices (x,y)#
	196.00 -706.00
	250.00 -674.00
	226.00 71.00
	172.00 126.00
	-244.00 19.00
	-416.00 -107.00
	-480.00 -204.00
	-502.00 -720.00
	-499.00 -852.00
	-486.00 -910.00
	-204.00 -916.00
part 5
number of vertices# 
10
vertices (x,y)#
	-257.00 -549.00
	-37.00 -203.00
	-0.00 -87.00
	-80.00 -116.00
	-480.00 -326.00
	-511.00 -397.00
	-531.00 -465.00
	-528.00 -513.00
	-512.00 -581.00
	-321.00 -646.00
part 6
number of vertices# 
12
vertices (x,y)#
	159.00 -822.00
	196.00 -706.00
	172.00 39.00
	-228.00 -171.00
	-400.00 -297.00
	-464.00 -394.00
	-495.00 -465.00
	-515.00 -533.00
	-537.00 -1049.00
	-534.00 -1097.00
	-343.00 -1162.00
	-61.00 -1168.00
part 7
number of vertices# 
6
vertices (x,y)#
	-39.00 -552.00
	-37.00 -203.00
	-117.00 -232.00
	-337.00 -578.00
	-321.00 -646.00
	-103.00 -649.00
part 8
number of vertices# 
8
vertices (x,y)#
	159.00 -822.00
	135.00 -77.00
	-37.00 -203.00
	-101.00 -300.00
	-321.00 -646.00
	-343.00 -1162.00
	-61.00 -1168.00
	157.00 -1171.00
