Number of parts# 
 8
part 1
number of vertices# 
11
vertices (x,y)#
	326.00 -380.00
	394.00 -364.00
	495.00 -309.00
	532.00 -219.00
	523.00 -35.00
	513.00 43.00
	416.00 107.00
	0.00 0.00
	29.00 -80.00
	155.00 -335.00
	259.00 -380.00
part 2
number of vertices# 
9
vertices (x,y)#
	97.00 -64.00
	513.00 43.00
	510.00 175.00
	497.00 233.00
	400.00 297.00
	-0.00 87.00
	-54.00 55.00
	-25.00 -25.00
	29.00 -80.00
part 3
number of vertices# 
10
vertices (x,y)#
	97.00 23.00
	497.00 233.00
	528.00 304.00
	548.00 372.00
	545.00 420.00
	448.00 484.00
	257.00 549.00
	37.00 203.00
	0.00 87.00
	29.00 7.00
part 4
number of vertices# 
6
vertices (x,y)#
	134.00 139.00
	354.00 485.00
	257.00 549.00
	39.00 552.00
	37.00 203.00
	66.00 123.00
part 5
number of vertices# 
13
vertices (x,y)#
	910.00 -386.00
	1011.00 -331.00
	1048.00 -241.00
	1054.00 41.00
	1045.00 225.00
	1035.00 303.00
	290.00 279.00
	-126.00 172.00
	-0.00 -83.00
	126.00 -255.00
	223.00 -319.00
	327.00 -364.00
	843.00 -386.00
part 6
number of vertices# 
11
vertices (x,y)#
	1029.00 21.00
	1035.00 303.00
	1032.00 435.00
	1019.00 493.00
	274.00 469.00
	-126.00 259.00
	-180.00 227.00
	-54.00 55.00
	-0.00 0.00
	97.00 -64.00
	613.00 -86.00
part 7
number of vertices# 
12
vertices (x,y)#
	1013.00 211.00
	1044.00 282.00
	1064.00 350.00
	1070.00 632.00
	1067.00 680.00
	876.00 745.00
	131.00 721.00
	-89.00 375.00
	-126.00 259.00
	-0.00 87.00
	97.00 23.00
	613.00 1.00
part 8
number of vertices# 
8
vertices (x,y)#
	870.00 463.00
	876.00 745.00
	658.00 748.00
	-87.00 724.00
	-89.00 375.00
	37.00 203.00
	134.00 139.00
	650.00 117.00
