Number of parts# 
 5
part 1
number of vertices# 
9
vertices (x,y)#
	345.00 -243.00
	410.00 -203.00
	410.00 69.00
	316.00 274.00
	0.00 275.00
	-97.00 268.00
	-97.00 -7.00
	-22.00 -238.00
	29.00 -245.00
part 2
number of vertices# 
8
vertices (x,y)#
	655.00 -258.00
	661.00 -221.00
	661.00 51.00
	535.00 72.00
	219.00 73.00
	219.00 -202.00
	262.00 -256.00
	339.00 -260.00
part 3
number of vertices# 
9
vertices (x,y)#
	1310.00 -264.00
	1313.00 -53.00
	1313.00 219.00
	997.00 220.00
	936.00 217.00
	597.00 84.00
	597.00 -191.00
	629.00 -224.00
	994.00 -266.00
part 4
number of vertices# 
10
vertices (x,y)#
	661.00 -221.00
	913.00 -189.00
	1252.00 -56.00
	1252.00 216.00
	1206.00 354.00
	1145.00 401.00
	829.00 402.00
	219.00 73.00
	219.00 -202.00
	345.00 -223.00
part 5
number of vertices# 
10
vertices (x,y)#
	490.00 -214.00
	535.00 -200.00
	1145.00 129.00
	1145.00 401.00
	370.00 435.00
	54.00 436.00
	-0.00 275.00
	-0.00 0.00
	94.00 -205.00
	174.00 -216.00
