Number of parts# 
 20
part 1
number of vertices# 
13
vertices (x,y)#
	7.00 -97.00
	238.00 -22.00
	245.00 29.00
	119.00 284.00
	79.00 349.00
	-25.00 394.00
	-92.00 394.00
	-297.00 300.00
	-398.00 245.00
	-435.00 155.00
	-426.00 -29.00
	-419.00 -126.00
	-409.00 -204.00
part 2
number of vertices# 
11
vertices (x,y)#
	-162.00 -319.00
	238.00 -109.00
	292.00 -77.00
	299.00 -26.00
	259.00 39.00
	205.00 94.00
	-211.00 -13.00
	-416.00 -107.00
	-413.00 -239.00
	-406.00 -336.00
	-393.00 -394.00
part 3
number of vertices# 
12
vertices (x,y)#
	-19.00 -571.00
	201.00 -225.00
	238.00 -109.00
	245.00 -58.00
	205.00 7.00
	-0.00 -87.00
	-400.00 -297.00
	-431.00 -368.00
	-451.00 -436.00
	-448.00 -484.00
	-441.00 -581.00
	-250.00 -646.00
part 4
number of vertices# 
8
vertices (x,y)#
	199.00 -574.00
	206.00 -523.00
	208.00 -174.00
	168.00 -109.00
	-37.00 -203.00
	-257.00 -549.00
	-250.00 -646.00
	-32.00 -649.00
part 5
number of vertices# 
12
vertices (x,y)#
	202.00 219.00
	256.00 262.00
	260.00 339.00
	134.00 594.00
	30.00 639.00
	-7.00 645.00
	-74.00 645.00
	-175.00 590.00
	-212.00 500.00
	-233.00 374.00
	-224.00 190.00
	-214.00 112.00
part 6
number of vertices# 
10
vertices (x,y)#
	202.00 132.00
	256.00 164.00
	310.00 207.00
	314.00 284.00
	260.00 339.00
	223.00 345.00
	-193.00 238.00
	-214.00 112.00
	-211.00 -20.00
	-198.00 -78.00
part 7
number of vertices# 
11
vertices (x,y)#
	-1.00 -287.00
	219.00 59.00
	256.00 175.00
	260.00 252.00
	223.00 258.00
	-177.00 48.00
	-208.00 -23.00
	-228.00 -91.00
	-249.00 -217.00
	-246.00 -265.00
	-55.00 -330.00
part 8
number of vertices# 
7
vertices (x,y)#
	217.00 -290.00
	221.00 -213.00
	223.00 136.00
	186.00 142.00
	-34.00 -204.00
	-55.00 -330.00
	163.00 -333.00
part 9
number of vertices# 
13
vertices (x,y)#
	191.00 597.00
	224.00 629.00
	266.00 994.00
	140.00 1249.00
	36.00 1294.00
	-175.00 1297.00
	-242.00 1297.00
	-343.00 1242.00
	-380.00 1152.00
	-371.00 968.00
	-368.00 907.00
	-358.00 829.00
	-225.00 490.00
part 10
number of vertices# 
11
vertices (x,y)#
	191.00 510.00
	245.00 542.00
	278.00 574.00
	320.00 939.00
	266.00 994.00
	55.00 997.00
	-361.00 890.00
	-358.00 758.00
	-355.00 697.00
	-342.00 639.00
	-209.00 300.00
part 11
number of vertices# 
12
vertices (x,y)#
	-33.00 80.00
	187.00 426.00
	224.00 542.00
	266.00 907.00
	55.00 910.00
	-345.00 700.00
	-376.00 629.00
	-396.00 561.00
	-393.00 500.00
	-390.00 452.00
	-257.00 113.00
	-66.00 48.00
part 12
number of vertices# 
8
vertices (x,y)#
	185.00 77.00
	227.00 442.00
	229.00 791.00
	18.00 794.00
	-202.00 448.00
	-199.00 387.00
	-66.00 48.00
	152.00 45.00
part 13
number of vertices# 
14
vertices (x,y)#
	202.00 219.00
	223.00 345.00
	191.00 597.00
	58.00 936.00
	-68.00 1191.00
	-172.00 1236.00
	-239.00 1236.00
	-377.00 1190.00
	-478.00 1135.00
	-525.00 1074.00
	-562.00 984.00
	-553.00 800.00
	-543.00 722.00
	-214.00 112.00
part 14
number of vertices# 
12
vertices (x,y)#
	202.00 132.00
	256.00 164.00
	277.00 290.00
	245.00 542.00
	112.00 881.00
	58.00 936.00
	-358.00 829.00
	-496.00 783.00
	-543.00 722.00
	-540.00 590.00
	-527.00 532.00
	-198.00 -78.00
part 15
number of vertices# 
13
vertices (x,y)#
	165.00 16.00
	202.00 132.00
	223.00 258.00
	191.00 510.00
	58.00 849.00
	-80.00 803.00
	-480.00 593.00
	-527.00 532.00
	-558.00 461.00
	-578.00 393.00
	-575.00 345.00
	-246.00 -265.00
	-55.00 -330.00
part 16
number of vertices# 
9
vertices (x,y)#
	184.00 -207.00
	186.00 142.00
	154.00 394.00
	21.00 733.00
	-117.00 687.00
	-164.00 626.00
	-384.00 280.00
	-55.00 -330.00
	163.00 -333.00
part 17
number of vertices# 
14
vertices (x,y)#
	0.00 0.00
	205.00 94.00
	216.00 174.00
	202.00 219.00
	76.00 474.00
	-253.00 1084.00
	-357.00 1129.00
	-424.00 1129.00
	-525.00 1074.00
	-562.00 984.00
	-596.00 209.00
	-587.00 25.00
	-577.00 -53.00
	-416.00 -107.00
part 18
number of vertices# 
12
vertices (x,y)#
	-195.00 -203.00
	205.00 7.00
	259.00 39.00
	270.00 119.00
	256.00 164.00
	-73.00 774.00
	-127.00 829.00
	-543.00 722.00
	-577.00 -53.00
	-574.00 -185.00
	-561.00 -243.00
	-400.00 -297.00
part 19
number of vertices# 
13
vertices (x,y)#
	-52.00 -455.00
	168.00 -109.00
	205.00 7.00
	216.00 87.00
	202.00 132.00
	-127.00 742.00
	-527.00 532.00
	-558.00 461.00
	-578.00 393.00
	-612.00 -382.00
	-609.00 -430.00
	-418.00 -495.00
	-257.00 -549.00
part 20
number of vertices# 
9
vertices (x,y)#
	166.00 -458.00
	177.00 -378.00
	179.00 -29.00
	165.00 16.00
	-164.00 626.00
	-384.00 280.00
	-418.00 -495.00
	-257.00 -549.00
	-39.00 -552.00
