Number of parts# 
 10
part 1
number of vertices# 
9
vertices (x,y)#
	191.00 -0.00
	288.00 7.00
	407.00 391.00
	332.00 622.00
	281.00 629.00
	211.00 629.00
	146.00 589.00
	-94.00 205.00
	0.00 0.00
part 2
number of vertices# 
9
vertices (x,y)#
	97.00 7.00
	337.00 391.00
	338.00 766.00
	263.00 997.00
	212.00 1004.00
	-29.00 1003.00
	-94.00 963.00
	-94.00 205.00
	-0.00 0.00
part 3
number of vertices# 
8
vertices (x,y)#
	-28.00 202.00
	91.00 586.00
	48.00 640.00
	-29.00 644.00
	-99.00 644.00
	-339.00 260.00
	-345.00 223.00
	-219.00 202.00
part 4
number of vertices# 
8
vertices (x,y)#
	21.00 586.00
	22.00 961.00
	-21.00 1015.00
	-98.00 1019.00
	-339.00 1018.00
	-345.00 981.00
	-345.00 223.00
	-219.00 202.00
part 5
number of vertices# 
9
vertices (x,y)#
	-806.00 55.00
	-745.00 58.00
	-406.00 191.00
	-287.00 575.00
	-319.00 608.00
	-684.00 650.00
	-754.00 650.00
	-994.00 266.00
	-997.00 55.00
part 6
number of vertices# 
9
vertices (x,y)#
	-936.00 58.00
	-597.00 191.00
	-357.00 575.00
	-356.00 950.00
	-388.00 983.00
	-753.00 1025.00
	-994.00 1024.00
	-997.00 813.00
	-997.00 55.00
part 7
number of vertices# 
10
vertices (x,y)#
	-638.00 -127.00
	-28.00 202.00
	91.00 586.00
	-35.00 607.00
	-105.00 607.00
	-357.00 575.00
	-696.00 442.00
	-936.00 58.00
	-890.00 -80.00
	-829.00 -127.00
part 8
number of vertices# 
10
vertices (x,y)#
	-219.00 202.00
	21.00 586.00
	22.00 961.00
	-104.00 982.00
	-345.00 981.00
	-597.00 949.00
	-936.00 816.00
	-936.00 58.00
	-890.00 -80.00
	-829.00 -127.00
part 9
number of vertices# 
10
vertices (x,y)#
	137.00 -161.00
	191.00 -0.00
	310.00 384.00
	216.00 589.00
	136.00 600.00
	66.00 600.00
	21.00 586.00
	-589.00 257.00
	-829.00 -127.00
	-54.00 -161.00
part 10
number of vertices# 
10
vertices (x,y)#
	186.00 223.00
	240.00 384.00
	241.00 759.00
	147.00 964.00
	67.00 975.00
	-174.00 974.00
	-219.00 960.00
	-829.00 631.00
	-829.00 -127.00
	-54.00 -161.00
