Number of parts# 
 10
part 1
number of vertices# 
9
vertices (x,y)#
	622.00 -332.00
	629.00 -281.00
	629.00 -211.00
	589.00 -146.00
	205.00 94.00
	0.00 0.00
	0.00 -191.00
	7.00 -288.00
	391.00 -407.00
part 2
number of vertices# 
9
vertices (x,y)#
	997.00 -263.00
	1004.00 -212.00
	1003.00 29.00
	963.00 94.00
	205.00 94.00
	0.00 0.00
	7.00 -97.00
	391.00 -337.00
	766.00 -338.00
part 3
number of vertices# 
8
vertices (x,y)#
	640.00 -48.00
	644.00 29.00
	644.00 99.00
	260.00 339.00
	223.00 345.00
	202.00 219.00
	202.00 28.00
	586.00 -91.00
part 4
number of vertices# 
8
vertices (x,y)#
	1015.00 21.00
	1019.00 98.00
	1018.00 339.00
	981.00 345.00
	223.00 345.00
	202.00 219.00
	586.00 -21.00
	961.00 -22.00
part 5
number of vertices# 
9
vertices (x,y)#
	608.00 319.00
	650.00 684.00
	650.00 754.00
	266.00 994.00
	55.00 997.00
	55.00 806.00
	58.00 745.00
	191.00 406.00
	575.00 287.00
part 6
number of vertices# 
9
vertices (x,y)#
	983.00 388.00
	1025.00 753.00
	1024.00 994.00
	813.00 997.00
	55.00 997.00
	58.00 936.00
	191.00 597.00
	575.00 357.00
	950.00 356.00
part 7
number of vertices# 
10
vertices (x,y)#
	607.00 35.00
	607.00 105.00
	575.00 357.00
	442.00 696.00
	58.00 936.00
	-80.00 890.00
	-127.00 829.00
	-127.00 638.00
	202.00 28.00
	586.00 -91.00
part 8
number of vertices# 
10
vertices (x,y)#
	982.00 104.00
	981.00 345.00
	949.00 597.00
	816.00 936.00
	58.00 936.00
	-80.00 890.00
	-127.00 829.00
	202.00 219.00
	586.00 -21.00
	961.00 -22.00
part 9
number of vertices# 
10
vertices (x,y)#
	589.00 -216.00
	600.00 -136.00
	600.00 -66.00
	586.00 -21.00
	257.00 589.00
	-127.00 829.00
	-161.00 54.00
	-161.00 -137.00
	0.00 -191.00
	384.00 -310.00
part 10
number of vertices# 
10
vertices (x,y)#
	964.00 -147.00
	975.00 -67.00
	974.00 174.00
	960.00 219.00
	631.00 829.00
	-127.00 829.00
	-161.00 54.00
	223.00 -186.00
	384.00 -240.00
	759.00 -241.00
