Number of parts# 
 20
part 1
number of vertices# 
9
vertices (x,y)#
	-54.00 -554.00
	94.00 -205.00
	0.00 0.00
	-119.00 47.00
	-216.00 40.00
	-264.00 -255.00
	-245.00 -356.00
	-170.00 -587.00
	-119.00 -594.00
part 2
number of vertices# 
9
vertices (x,y)#
	1024.00 -565.00
	930.00 -360.00
	74.00 3.00
	0.00 0.00
	-97.00 -7.00
	-245.00 -356.00
	-170.00 -587.00
	-119.00 -594.00
	959.00 -605.00
part 3
number of vertices# 
9
vertices (x,y)#
	1024.00 -565.00
	930.00 -360.00
	452.00 -66.00
	203.00 26.00
	106.00 19.00
	-23.00 -4.00
	52.00 -235.00
	908.00 -598.00
	959.00 -605.00
part 4
number of vertices# 
8
vertices (x,y)#
	1024.00 -565.00
	1014.00 -273.00
	920.00 -68.00
	452.00 -66.00
	355.00 -73.00
	430.00 -304.00
	908.00 -598.00
	959.00 -605.00
part 5
number of vertices# 
8
vertices (x,y)#
	339.00 -260.00
	345.00 -223.00
	226.00 -176.00
	100.00 -155.00
	52.00 -450.00
	71.00 -551.00
	114.00 -605.00
	191.00 -609.00
part 6
number of vertices# 
8
vertices (x,y)#
	1275.00 -583.00
	419.00 -220.00
	293.00 -199.00
	219.00 -202.00
	71.00 -551.00
	114.00 -605.00
	191.00 -609.00
	1269.00 -620.00
part 7
number of vertices# 
8
vertices (x,y)#
	1275.00 -583.00
	797.00 -289.00
	548.00 -197.00
	422.00 -176.00
	293.00 -199.00
	336.00 -253.00
	1192.00 -616.00
	1269.00 -620.00
part 8
number of vertices# 
7
vertices (x,y)#
	1275.00 -583.00
	1265.00 -291.00
	1139.00 -270.00
	671.00 -268.00
	714.00 -322.00
	1192.00 -616.00
	1269.00 -620.00
part 9
number of vertices# 
9
vertices (x,y)#
	994.00 -266.00
	997.00 -55.00
	878.00 -8.00
	817.00 -11.00
	478.00 -144.00
	430.00 -439.00
	449.00 -540.00
	481.00 -573.00
	846.00 -615.00
part 10
number of vertices# 
9
vertices (x,y)#
	1927.00 -415.00
	1071.00 -52.00
	997.00 -55.00
	936.00 -58.00
	597.00 -191.00
	449.00 -540.00
	481.00 -573.00
	846.00 -615.00
	1924.00 -626.00
part 11
number of vertices# 
9
vertices (x,y)#
	1927.00 -415.00
	1449.00 -121.00
	1200.00 -29.00
	1139.00 -32.00
	1010.00 -55.00
	671.00 -188.00
	703.00 -221.00
	1559.00 -584.00
	1924.00 -626.00
part 12
number of vertices# 
8
vertices (x,y)#
	1927.00 -415.00
	1917.00 -123.00
	1449.00 -121.00
	1388.00 -124.00
	1049.00 -257.00
	1081.00 -290.00
	1559.00 -584.00
	1924.00 -626.00
part 13
number of vertices# 
10
vertices (x,y)#
	449.00 -540.00
	788.00 -407.00
	936.00 -58.00
	890.00 80.00
	829.00 127.00
	710.00 174.00
	100.00 -155.00
	52.00 -450.00
	71.00 -551.00
	197.00 -572.00
part 14
number of vertices# 
10
vertices (x,y)#
	1527.00 -551.00
	1866.00 -418.00
	1820.00 -280.00
	1759.00 -233.00
	903.00 130.00
	829.00 127.00
	219.00 -202.00
	71.00 -551.00
	197.00 -572.00
	1275.00 -583.00
part 15
number of vertices# 
10
vertices (x,y)#
	1527.00 -551.00
	1866.00 -418.00
	1820.00 -280.00
	1759.00 -233.00
	1281.00 61.00
	1032.00 153.00
	903.00 130.00
	293.00 -199.00
	1149.00 -562.00
	1275.00 -583.00
part 16
number of vertices# 
9
vertices (x,y)#
	1527.00 -551.00
	1866.00 -418.00
	1856.00 -126.00
	1810.00 12.00
	1749.00 59.00
	1281.00 61.00
	671.00 -268.00
	1149.00 -562.00
	1275.00 -583.00
part 17
number of vertices# 
10
vertices (x,y)#
	71.00 -551.00
	681.00 -222.00
	829.00 127.00
	710.00 174.00
	-65.00 208.00
	-119.00 47.00
	-167.00 -248.00
	-148.00 -349.00
	-54.00 -554.00
	26.00 -565.00
part 18
number of vertices# 
10
vertices (x,y)#
	1149.00 -562.00
	1759.00 -233.00
	903.00 130.00
	128.00 164.00
	54.00 161.00
	-94.00 -188.00
	-148.00 -349.00
	-54.00 -554.00
	26.00 -565.00
	1104.00 -576.00
part 19
number of vertices# 
10
vertices (x,y)#
	1149.00 -562.00
	1759.00 -233.00
	1281.00 61.00
	1032.00 153.00
	257.00 187.00
	128.00 164.00
	74.00 3.00
	168.00 -202.00
	1024.00 -565.00
	1104.00 -576.00
part 20
number of vertices# 
9
vertices (x,y)#
	1149.00 -562.00
	1759.00 -233.00
	1749.00 59.00
	974.00 93.00
	506.00 95.00
	452.00 -66.00
	546.00 -271.00
	1024.00 -565.00
	1104.00 -576.00
