Number of parts# 
 8
part 1
number of vertices# 
11
vertices (x,y)#
	297.00 -300.00
	398.00 -245.00
	435.00 -155.00
	426.00 29.00
	416.00 107.00
	387.00 187.00
	319.00 171.00
	-97.00 64.00
	29.00 -191.00
	126.00 -255.00
	230.00 -300.00
part 2
number of vertices# 
13
vertices (x,y)#
	-322.00 -496.00
	423.00 -472.00
	524.00 -417.00
	561.00 -327.00
	552.00 -143.00
	542.00 -65.00
	416.00 107.00
	319.00 171.00
	-197.00 193.00
	-613.00 86.00
	-619.00 -196.00
	-493.00 -451.00
	-389.00 -496.00
part 3
number of vertices# 
9
vertices (x,y)#
	416.00 107.00
	413.00 239.00
	400.00 297.00
	371.00 377.00
	303.00 361.00
	-97.00 151.00
	-151.00 119.00
	-97.00 64.00
	-0.00 0.00
part 4
number of vertices# 
11
vertices (x,y)#
	126.00 -172.00
	542.00 -65.00
	539.00 67.00
	526.00 125.00
	400.00 297.00
	303.00 361.00
	-213.00 383.00
	-613.00 173.00
	-667.00 141.00
	-673.00 -141.00
	-619.00 -196.00
part 5
number of vertices# 
10
vertices (x,y)#
	400.00 297.00
	431.00 368.00
	451.00 436.00
	448.00 484.00
	419.00 564.00
	228.00 629.00
	160.00 613.00
	-60.00 267.00
	-97.00 151.00
	-0.00 87.00
part 6
number of vertices# 
12
vertices (x,y)#
	126.00 -85.00
	526.00 125.00
	557.00 196.00
	577.00 264.00
	574.00 312.00
	448.00 484.00
	351.00 548.00
	160.00 613.00
	-356.00 635.00
	-576.00 289.00
	-613.00 173.00
	-619.00 -109.00
part 7
number of vertices# 
6
vertices (x,y)#
	257.00 549.00
	228.00 629.00
	10.00 632.00
	-58.00 616.00
	-60.00 267.00
	37.00 203.00
part 8
number of vertices# 
8
vertices (x,y)#
	163.00 31.00
	383.00 377.00
	257.00 549.00
	160.00 613.00
	-356.00 635.00
	-574.00 638.00
	-580.00 356.00
	-582.00 7.00
