Number of parts# 
 10
part 1
number of vertices# 
8
vertices (x,y)#
	33.00 -90.00
	97.00 7.00
	22.00 238.00
	-29.00 245.00
	-109.00 216.00
	-174.00 176.00
	-158.00 108.00
	-64.00 -97.00
part 2
number of vertices# 
10
vertices (x,y)#
	293.00 -612.00
	269.00 133.00
	194.00 364.00
	143.00 371.00
	78.00 331.00
	-94.00 205.00
	-158.00 108.00
	-180.00 -408.00
	-86.00 -613.00
	196.00 -619.00
part 3
number of vertices# 
7
vertices (x,y)#
	-219.00 202.00
	-262.00 256.00
	-339.00 260.00
	-419.00 231.00
	-425.00 194.00
	-409.00 126.00
	-283.00 105.00
part 4
number of vertices# 
9
vertices (x,y)#
	-47.00 328.00
	-90.00 382.00
	-167.00 386.00
	-339.00 260.00
	-403.00 163.00
	-409.00 126.00
	-431.00 -390.00
	-305.00 -411.00
	-23.00 -417.00
part 5
number of vertices# 
8
vertices (x,y)#
	-1000.00 -39.00
	-661.00 94.00
	-597.00 191.00
	-629.00 224.00
	-994.00 266.00
	-1074.00 237.00
	-1077.00 26.00
	-1061.00 -42.00
part 6
number of vertices# 
10
vertices (x,y)#
	-740.00 -561.00
	-401.00 -428.00
	-425.00 317.00
	-457.00 350.00
	-822.00 392.00
	-994.00 266.00
	-1058.00 169.00
	-1080.00 -347.00
	-1083.00 -558.00
	-801.00 -564.00
part 7
number of vertices# 
9
vertices (x,y)#
	-283.00 105.00
	-219.00 202.00
	-345.00 223.00
	-597.00 191.00
	-677.00 162.00
	-1016.00 29.00
	-1000.00 -39.00
	-954.00 -177.00
	-893.00 -224.00
part 8
number of vertices# 
11
vertices (x,y)#
	-23.00 -417.00
	-47.00 328.00
	-173.00 349.00
	-425.00 317.00
	-764.00 184.00
	-936.00 58.00
	-1000.00 -39.00
	-1022.00 -555.00
	-976.00 -693.00
	-915.00 -740.00
	-633.00 -746.00
part 9
number of vertices# 
9
vertices (x,y)#
	-54.00 -161.00
	0.00 0.00
	-94.00 205.00
	-174.00 216.00
	-219.00 202.00
	-299.00 173.00
	-909.00 -156.00
	-893.00 -224.00
	-118.00 -258.00
part 10
number of vertices# 
11
vertices (x,y)#
	196.00 -619.00
	172.00 126.00
	78.00 331.00
	-2.00 342.00
	-47.00 328.00
	-657.00 -1.00
	-829.00 -127.00
	-893.00 -224.00
	-915.00 -740.00
	-140.00 -774.00
	142.00 -780.00
