Number of parts# 
 5
part 1
number of vertices# 
9
vertices (x,y)#
	94.00 -480.00
	94.00 -205.00
	0.00 0.00
	-316.00 -2.00
	-413.00 -9.00
	-413.00 -281.00
	-338.00 -512.00
	-287.00 -519.00
	29.00 -520.00
part 2
number of vertices# 
8
vertices (x,y)#
	345.00 -498.00
	345.00 -223.00
	219.00 -202.00
	-97.00 -204.00
	-97.00 -476.00
	-54.00 -530.00
	23.00 -534.00
	339.00 -535.00
part 3
number of vertices# 
9
vertices (x,y)#
	997.00 -330.00
	997.00 -55.00
	681.00 -57.00
	620.00 -60.00
	281.00 -193.00
	281.00 -465.00
	313.00 -498.00
	678.00 -540.00
	994.00 -541.00
part 4
number of vertices# 
10
vertices (x,y)#
	597.00 -466.00
	936.00 -333.00
	936.00 -58.00
	890.00 80.00
	829.00 127.00
	513.00 125.00
	-97.00 -204.00
	-97.00 -476.00
	29.00 -497.00
	345.00 -498.00
part 5
number of vertices# 
10
vertices (x,y)#
	219.00 -477.00
	829.00 -148.00
	829.00 127.00
	54.00 161.00
	-262.00 159.00
	-316.00 -2.00
	-316.00 -274.00
	-222.00 -479.00
	-142.00 -490.00
	174.00 -491.00
