Number of parts# 
 16
part 1
number of vertices# 
16
vertices (x,y)#
	29.00 -426.00
	107.00 -416.00
	362.00 -290.00
	407.00 -186.00
	407.00 -119.00
	300.00 297.00
	245.00 398.00
	155.00 435.00
	-29.00 426.00
	-107.00 416.00
	-362.00 290.00
	-407.00 186.00
	-407.00 119.00
	-300.00 -297.00
	-245.00 -398.00
	-155.00 -435.00
part 2
number of vertices# 
13
vertices (x,y)#
	-26.00 -480.00
	52.00 -470.00
	107.00 -416.00
	-107.00 416.00
	-239.00 413.00
	-297.00 400.00
	-552.00 274.00
	-597.00 170.00
	-597.00 103.00
	-387.00 -297.00
	-332.00 -398.00
	-300.00 -452.00
	-210.00 -489.00
part 3
number of vertices# 
15
vertices (x,y)#
	-58.00 -426.00
	20.00 -416.00
	-87.00 0.00
	-297.00 400.00
	-368.00 431.00
	-436.00 451.00
	-484.00 448.00
	-739.00 322.00
	-784.00 218.00
	-849.00 27.00
	-849.00 -40.00
	-794.00 -141.00
	-448.00 -361.00
	-358.00 -398.00
	-242.00 -435.00
part 4
number of vertices# 
11
vertices (x,y)#
	-174.00 -389.00
	-96.00 -379.00
	-203.00 37.00
	-549.00 257.00
	-804.00 131.00
	-849.00 27.00
	-852.00 -191.00
	-852.00 -258.00
	-797.00 -359.00
	-707.00 -396.00
	-358.00 -398.00
part 5
number of vertices# 
13
vertices (x,y)#
	239.00 -413.00
	297.00 -400.00
	552.00 -274.00
	597.00 -170.00
	597.00 -103.00
	387.00 297.00
	332.00 398.00
	300.00 452.00
	210.00 489.00
	26.00 480.00
	-52.00 470.00
	-107.00 416.00
	107.00 -416.00
part 6
number of vertices# 
12
vertices (x,y)#
	184.00 -467.00
	242.00 -454.00
	297.00 -400.00
	190.00 16.00
	-20.00 416.00
	-52.00 470.00
	-184.00 467.00
	-242.00 454.00
	-297.00 400.00
	-190.00 -16.00
	20.00 -416.00
	52.00 -470.00
part 7
number of vertices# 
12
vertices (x,y)#
	152.00 -413.00
	210.00 -400.00
	-210.00 400.00
	-242.00 454.00
	-313.00 485.00
	-381.00 505.00
	-429.00 502.00
	-484.00 448.00
	-549.00 257.00
	-442.00 -159.00
	-96.00 -379.00
	20.00 -416.00
part 8
number of vertices# 
9
vertices (x,y)#
	36.00 -376.00
	94.00 -363.00
	-116.00 37.00
	-148.00 91.00
	-494.00 311.00
	-549.00 257.00
	-552.00 39.00
	-445.00 -377.00
	-96.00 -379.00
part 9
number of vertices# 
15
vertices (x,y)#
	484.00 -448.00
	739.00 -322.00
	784.00 -218.00
	849.00 -27.00
	849.00 40.00
	794.00 141.00
	448.00 361.00
	358.00 398.00
	242.00 435.00
	58.00 426.00
	-20.00 416.00
	87.00 0.00
	297.00 -400.00
	368.00 -431.00
	436.00 -451.00
part 10
number of vertices# 
12
vertices (x,y)#
	429.00 -502.00
	484.00 -448.00
	549.00 -257.00
	442.00 159.00
	96.00 379.00
	-20.00 416.00
	-152.00 413.00
	-210.00 400.00
	210.00 -400.00
	242.00 -454.00
	313.00 -485.00
	381.00 -505.00
part 11
number of vertices# 
14
vertices (x,y)#
	397.00 -448.00
	462.00 -257.00
	252.00 143.00
	-94.00 363.00
	-165.00 394.00
	-281.00 431.00
	-349.00 451.00
	-397.00 448.00
	-462.00 257.00
	-252.00 -143.00
	94.00 -363.00
	165.00 -394.00
	281.00 -431.00
	349.00 -451.00
part 12
number of vertices# 
9
vertices (x,y)#
	281.00 -411.00
	346.00 -220.00
	-346.00 220.00
	-462.00 257.00
	-465.00 39.00
	-255.00 -361.00
	-184.00 -392.00
	-116.00 -412.00
	233.00 -414.00
part 13
number of vertices# 
11
vertices (x,y)#
	804.00 -131.00
	849.00 -27.00
	852.00 191.00
	852.00 258.00
	797.00 359.00
	707.00 396.00
	358.00 398.00
	174.00 389.00
	96.00 379.00
	203.00 -37.00
	549.00 -257.00
part 14
number of vertices# 
9
vertices (x,y)#
	549.00 -257.00
	552.00 -39.00
	445.00 377.00
	96.00 379.00
	-36.00 376.00
	-94.00 363.00
	116.00 -37.00
	148.00 -91.00
	494.00 -311.00
part 15
number of vertices# 
9
vertices (x,y)#
	465.00 -39.00
	255.00 361.00
	184.00 392.00
	116.00 412.00
	-233.00 414.00
	-281.00 411.00
	-346.00 220.00
	346.00 -220.00
	462.00 -257.00
part 16
number of vertices# 
6
vertices (x,y)#
	349.00 -2.00
	3.00 218.00
	-346.00 220.00
	-349.00 2.00
	-3.00 -218.00
	346.00 -220.00
