Number of parts# 
 5
part 1
number of vertices# 
9
vertices (x,y)#
	29.00 -245.00
	94.00 -205.00
	95.00 34.00
	1.00 239.00
	-79.00 242.00
	-176.00 235.00
	-174.00 -7.00
	-99.00 -238.00
	-48.00 -245.00
part 2
number of vertices# 
8
vertices (x,y)#
	339.00 -260.00
	345.00 -223.00
	346.00 16.00
	220.00 37.00
	140.00 40.00
	142.00 -202.00
	185.00 -256.00
	262.00 -260.00
part 3
number of vertices# 
9
vertices (x,y)#
	994.00 -266.00
	997.00 -55.00
	998.00 184.00
	918.00 187.00
	857.00 184.00
	518.00 51.00
	520.00 -191.00
	552.00 -224.00
	917.00 -266.00
part 4
number of vertices# 
10
vertices (x,y)#
	345.00 -223.00
	597.00 -191.00
	936.00 -58.00
	937.00 181.00
	891.00 319.00
	830.00 366.00
	750.00 369.00
	140.00 40.00
	142.00 -202.00
	268.00 -223.00
part 5
number of vertices# 
10
vertices (x,y)#
	174.00 -216.00
	219.00 -202.00
	829.00 127.00
	830.00 366.00
	55.00 400.00
	-25.00 403.00
	-79.00 242.00
	-77.00 0.00
	17.00 -205.00
	97.00 -216.00
