Number of parts# 
 20
part 1
number of vertices# 
9
vertices (x,y)#
	-148.00 -349.00
	0.00 0.00
	-7.00 97.00
	-126.00 144.00
	-357.00 69.00
	-405.00 -226.00
	-412.00 -277.00
	-393.00 -378.00
	-353.00 -443.00
part 2
number of vertices# 
8
vertices (x,y)#
	-223.00 -345.00
	-202.00 -219.00
	-321.00 -172.00
	-375.00 -215.00
	-423.00 -510.00
	-427.00 -587.00
	-408.00 -688.00
	-371.00 -694.00
part 3
number of vertices# 
9
vertices (x,y)#
	-55.00 -997.00
	-58.00 -936.00
	-191.00 -597.00
	-310.00 -550.00
	-343.00 -582.00
	-391.00 -877.00
	-433.00 -1242.00
	-414.00 -1343.00
	-203.00 -1346.00
part 4
number of vertices# 
10
vertices (x,y)#
	-68.00 -1239.00
	-21.00 -1178.00
	127.00 -829.00
	-202.00 -219.00
	-321.00 -172.00
	-342.00 -298.00
	-390.00 -593.00
	-358.00 -845.00
	-339.00 -946.00
	-206.00 -1285.00
part 5
number of vertices# 
10
vertices (x,y)#
	127.00 -829.00
	161.00 -54.00
	42.00 -7.00
	-119.00 47.00
	-324.00 -47.00
	-372.00 -342.00
	-383.00 -422.00
	-364.00 -523.00
	-350.00 -568.00
	-21.00 -1178.00
part 6
number of vertices# 
9
vertices (x,y)#
	930.00 -360.00
	923.00 -263.00
	67.00 100.00
	-7.00 97.00
	-238.00 22.00
	-386.00 -327.00
	-393.00 -378.00
	-353.00 -443.00
	725.00 -454.00
part 7
number of vertices# 
8
vertices (x,y)#
	728.00 -579.00
	-128.00 -216.00
	-202.00 -219.00
	-256.00 -262.00
	-404.00 -611.00
	-408.00 -688.00
	-371.00 -694.00
	707.00 -705.00
part 8
number of vertices# 
9
vertices (x,y)#
	872.00 -1296.00
	739.00 -957.00
	-117.00 -594.00
	-191.00 -597.00
	-224.00 -629.00
	-372.00 -978.00
	-414.00 -1343.00
	-203.00 -1346.00
	875.00 -1357.00
part 9
number of vertices# 
10
vertices (x,y)#
	1010.00 -1250.00
	1057.00 -1189.00
	728.00 -579.00
	-128.00 -216.00
	-202.00 -219.00
	-350.00 -568.00
	-371.00 -694.00
	-339.00 -946.00
	-206.00 -1285.00
	872.00 -1296.00
part 10
number of vertices# 
10
vertices (x,y)#
	1091.00 -414.00
	235.00 -51.00
	74.00 3.00
	0.00 0.00
	-205.00 -94.00
	-353.00 -443.00
	-364.00 -523.00
	-350.00 -568.00
	-21.00 -1178.00
	1057.00 -1189.00
part 11
number of vertices# 
9
vertices (x,y)#
	930.00 -360.00
	923.00 -263.00
	445.00 31.00
	196.00 123.00
	67.00 100.00
	-164.00 25.00
	-171.00 -26.00
	-131.00 -91.00
	725.00 -454.00
part 12
number of vertices# 
8
vertices (x,y)#
	728.00 -579.00
	250.00 -285.00
	1.00 -193.00
	-128.00 -216.00
	-182.00 -259.00
	-186.00 -336.00
	670.00 -699.00
	707.00 -705.00
part 13
number of vertices# 
9
vertices (x,y)#
	872.00 -1296.00
	739.00 -957.00
	261.00 -663.00
	12.00 -571.00
	-117.00 -594.00
	-150.00 -626.00
	-192.00 -991.00
	664.00 -1354.00
	875.00 -1357.00
part 14
number of vertices# 
10
vertices (x,y)#
	1010.00 -1250.00
	1057.00 -1189.00
	728.00 -579.00
	250.00 -285.00
	1.00 -193.00
	-128.00 -216.00
	-149.00 -342.00
	-117.00 -594.00
	16.00 -933.00
	872.00 -1296.00
part 15
number of vertices# 
10
vertices (x,y)#
	1091.00 -414.00
	613.00 -120.00
	364.00 -28.00
	203.00 26.00
	74.00 3.00
	-131.00 -91.00
	-142.00 -171.00
	-128.00 -216.00
	201.00 -826.00
	1057.00 -1189.00
part 16
number of vertices# 
8
vertices (x,y)#
	930.00 -360.00
	920.00 -68.00
	913.00 29.00
	445.00 31.00
	214.00 -44.00
	207.00 -95.00
	247.00 -160.00
	725.00 -454.00
part 17
number of vertices# 
7
vertices (x,y)#
	728.00 -579.00
	718.00 -287.00
	250.00 -285.00
	196.00 -328.00
	192.00 -405.00
	670.00 -699.00
	707.00 -705.00
part 18
number of vertices# 
8
vertices (x,y)#
	865.00 -1065.00
	862.00 -1004.00
	729.00 -665.00
	261.00 -663.00
	228.00 -695.00
	186.00 -1060.00
	664.00 -1354.00
	875.00 -1357.00
part 19
number of vertices# 
9
vertices (x,y)#
	1010.00 -1250.00
	1057.00 -1189.00
	1047.00 -897.00
	718.00 -287.00
	250.00 -285.00
	229.00 -411.00
	261.00 -663.00
	394.00 -1002.00
	872.00 -1296.00
part 20
number of vertices# 
9
vertices (x,y)#
	1091.00 -414.00
	1081.00 -122.00
	920.00 -68.00
	452.00 -66.00
	247.00 -160.00
	236.00 -240.00
	250.00 -285.00
	579.00 -895.00
	1057.00 -1189.00
