Number of parts# 
 4
part 1
number of vertices# 
12
vertices (x,y)#
	297.00 -300.00
	613.00 -298.00
	714.00 -243.00
	751.00 -153.00
	751.00 119.00
	742.00 303.00
	732.00 381.00
	416.00 382.00
	0.00 275.00
	-0.00 0.00
	126.00 -255.00
	230.00 -300.00
part 2
number of vertices# 
10
vertices (x,y)#
	316.00 2.00
	732.00 109.00
	732.00 381.00
	729.00 513.00
	716.00 571.00
	400.00 572.00
	0.00 362.00
	-54.00 330.00
	-54.00 55.00
	-0.00 0.00
part 3
number of vertices# 
11
vertices (x,y)#
	316.00 89.00
	716.00 299.00
	747.00 370.00
	767.00 438.00
	767.00 710.00
	764.00 758.00
	573.00 823.00
	257.00 824.00
	37.00 478.00
	-0.00 362.00
	-0.00 87.00
part 4
number of vertices# 
7
vertices (x,y)#
	353.00 205.00
	573.00 551.00
	573.00 823.00
	355.00 826.00
	39.00 827.00
	37.00 478.00
	37.00 203.00
