Number of parts# 
 8
part 1
number of vertices# 
11
vertices (x,y)#
	97.00 -64.00
	352.00 62.00
	397.00 166.00
	397.00 233.00
	342.00 334.00
	245.00 398.00
	155.00 435.00
	-29.00 426.00
	-107.00 416.00
	-0.00 0.00
	29.00 -80.00
part 2
number of vertices# 
13
vertices (x,y)#
	868.00 40.00
	913.00 144.00
	919.00 426.00
	919.00 493.00
	864.00 594.00
	774.00 631.00
	29.00 607.00
	-155.00 598.00
	-233.00 588.00
	-126.00 172.00
	-0.00 0.00
	97.00 -64.00
	613.00 -86.00
part 3
number of vertices# 
9
vertices (x,y)#
	42.00 -118.00
	97.00 -64.00
	-10.00 352.00
	-107.00 416.00
	-239.00 413.00
	-297.00 400.00
	-268.00 320.00
	-58.00 -80.00
	-26.00 -134.00
part 4
number of vertices# 
11
vertices (x,y)#
	613.00 -86.00
	619.00 196.00
	512.00 612.00
	380.00 609.00
	-365.00 585.00
	-423.00 572.00
	-213.00 172.00
	-181.00 118.00
	-55.00 -54.00
	42.00 -118.00
	558.00 -140.00
part 5
number of vertices# 
10
vertices (x,y)#
	10.00 -64.00
	-200.00 336.00
	-297.00 400.00
	-368.00 431.00
	-436.00 451.00
	-484.00 448.00
	-549.00 257.00
	-520.00 177.00
	-174.00 -43.00
	-58.00 -80.00
part 6
number of vertices# 
12
vertices (x,y)#
	532.00 196.00
	322.00 596.00
	251.00 627.00
	183.00 647.00
	-562.00 623.00
	-610.00 620.00
	-675.00 429.00
	-549.00 257.00
	-452.00 193.00
	-106.00 -27.00
	10.00 -64.00
	526.00 -86.00
part 7
number of vertices# 
6
vertices (x,y)#
	-106.00 -27.00
	-203.00 37.00
	-549.00 257.00
	-552.00 39.00
	-523.00 -41.00
	-174.00 -43.00
part 8
number of vertices# 
8
vertices (x,y)#
	416.00 233.00
	70.00 453.00
	-675.00 429.00
	-678.00 211.00
	-552.00 39.00
	-455.00 -25.00
	61.00 -47.00
	410.00 -49.00
