Number of parts# 
 20
part 1
number of vertices# 
13
vertices (x,y)#
	284.00 -119.00
	349.00 -79.00
	394.00 25.00
	394.00 92.00
	300.00 297.00
	245.00 398.00
	155.00 435.00
	-29.00 426.00
	-126.00 419.00
	-204.00 409.00
	-97.00 -7.00
	-22.00 -238.00
	29.00 -245.00
part 2
number of vertices# 
12
vertices (x,y)#
	594.00 -134.00
	639.00 -30.00
	645.00 7.00
	645.00 74.00
	590.00 175.00
	500.00 212.00
	374.00 233.00
	190.00 224.00
	112.00 214.00
	219.00 -202.00
	262.00 -256.00
	339.00 -260.00
part 3
number of vertices# 
13
vertices (x,y)#
	1249.00 -140.00
	1294.00 -36.00
	1297.00 175.00
	1297.00 242.00
	1242.00 343.00
	1152.00 380.00
	968.00 371.00
	907.00 368.00
	829.00 358.00
	490.00 225.00
	597.00 -191.00
	629.00 -224.00
	994.00 -266.00
part 4
number of vertices# 
14
vertices (x,y)#
	597.00 -191.00
	936.00 -58.00
	1191.00 68.00
	1236.00 172.00
	1236.00 239.00
	1190.00 377.00
	1135.00 478.00
	1074.00 525.00
	984.00 562.00
	800.00 553.00
	722.00 543.00
	112.00 214.00
	219.00 -202.00
	345.00 -223.00
part 5
number of vertices# 
14
vertices (x,y)#
	219.00 -202.00
	474.00 -76.00
	1084.00 253.00
	1129.00 357.00
	1129.00 424.00
	1074.00 525.00
	984.00 562.00
	209.00 596.00
	25.00 587.00
	-53.00 577.00
	-107.00 416.00
	-0.00 0.00
	94.00 -205.00
	174.00 -216.00
part 6
number of vertices# 
11
vertices (x,y)#
	39.00 -259.00
	94.00 -205.00
	-13.00 211.00
	-107.00 416.00
	-239.00 413.00
	-336.00 406.00
	-394.00 393.00
	-319.00 162.00
	-109.00 -238.00
	-77.00 -292.00
	-26.00 -299.00
part 7
number of vertices# 
10
vertices (x,y)#
	339.00 -260.00
	345.00 -223.00
	238.00 193.00
	112.00 214.00
	-20.00 211.00
	-78.00 198.00
	132.00 -202.00
	164.00 -256.00
	207.00 -310.00
	284.00 -314.00
part 8
number of vertices# 
11
vertices (x,y)#
	994.00 -266.00
	997.00 -55.00
	890.00 361.00
	758.00 358.00
	697.00 355.00
	639.00 342.00
	300.00 209.00
	510.00 -191.00
	542.00 -245.00
	574.00 -278.00
	939.00 -320.00
part 9
number of vertices# 
12
vertices (x,y)#
	542.00 -245.00
	881.00 -112.00
	936.00 -58.00
	829.00 358.00
	783.00 496.00
	722.00 543.00
	590.00 540.00
	532.00 527.00
	-78.00 198.00
	132.00 -202.00
	164.00 -256.00
	290.00 -277.00
part 10
number of vertices# 
12
vertices (x,y)#
	164.00 -256.00
	774.00 73.00
	829.00 127.00
	722.00 543.00
	-53.00 577.00
	-185.00 574.00
	-243.00 561.00
	-297.00 400.00
	-203.00 195.00
	7.00 -205.00
	39.00 -259.00
	119.00 -270.00
part 11
number of vertices# 
12
vertices (x,y)#
	7.00 -205.00
	-87.00 0.00
	-297.00 400.00
	-368.00 431.00
	-436.00 451.00
	-484.00 448.00
	-581.00 441.00
	-646.00 250.00
	-571.00 19.00
	-225.00 -201.00
	-109.00 -238.00
	-58.00 -245.00
part 12
number of vertices# 
11
vertices (x,y)#
	258.00 -223.00
	48.00 177.00
	-23.00 208.00
	-91.00 228.00
	-217.00 249.00
	-265.00 246.00
	-330.00 55.00
	-287.00 1.00
	59.00 -219.00
	175.00 -256.00
	252.00 -260.00
part 13
number of vertices# 
12
vertices (x,y)#
	910.00 -55.00
	700.00 345.00
	629.00 376.00
	561.00 396.00
	500.00 393.00
	452.00 390.00
	113.00 257.00
	48.00 66.00
	80.00 33.00
	426.00 -187.00
	542.00 -224.00
	907.00 -266.00
part 14
number of vertices# 
13
vertices (x,y)#
	510.00 -191.00
	849.00 -58.00
	803.00 80.00
	593.00 480.00
	532.00 527.00
	461.00 558.00
	393.00 578.00
	345.00 575.00
	-265.00 246.00
	-330.00 55.00
	16.00 -165.00
	132.00 -202.00
	258.00 -223.00
part 15
number of vertices# 
13
vertices (x,y)#
	132.00 -202.00
	742.00 127.00
	532.00 527.00
	461.00 558.00
	393.00 578.00
	-382.00 612.00
	-430.00 609.00
	-495.00 418.00
	-549.00 257.00
	-455.00 52.00
	-109.00 -168.00
	7.00 -205.00
	87.00 -216.00
part 16
number of vertices# 
8
vertices (x,y)#
	-109.00 -168.00
	-203.00 37.00
	-549.00 257.00
	-646.00 250.00
	-649.00 32.00
	-574.00 -199.00
	-523.00 -206.00
	-174.00 -208.00
part 17
number of vertices# 
7
vertices (x,y)#
	142.00 -186.00
	-204.00 34.00
	-330.00 55.00
	-333.00 -163.00
	-290.00 -217.00
	-213.00 -221.00
	136.00 -223.00
part 18
number of vertices# 
8
vertices (x,y)#
	794.00 -18.00
	448.00 202.00
	387.00 199.00
	48.00 66.00
	45.00 -152.00
	77.00 -185.00
	442.00 -227.00
	791.00 -229.00
part 19
number of vertices# 
9
vertices (x,y)#
	394.00 -154.00
	733.00 -21.00
	687.00 117.00
	626.00 164.00
	280.00 384.00
	-330.00 55.00
	-333.00 -163.00
	-207.00 -184.00
	142.00 -186.00
part 20
number of vertices# 
9
vertices (x,y)#
	16.00 -165.00
	626.00 164.00
	280.00 384.00
	-495.00 418.00
	-549.00 257.00
	-552.00 39.00
	-458.00 -166.00
	-378.00 -177.00
	-29.00 -179.00
