Number of parts# 
 5
part 1
number of vertices# 
9
vertices (x,y)#
	-28.00 -94.00
	177.00 -0.00
	252.00 150.00
	245.00 247.00
	70.00 245.00
	-161.00 170.00
	-238.00 22.00
	-245.00 -29.00
	-205.00 -94.00
part 2
number of vertices# 
8
vertices (x,y)#
	-46.00 -345.00
	29.00 -195.00
	50.00 -69.00
	-125.00 -71.00
	-179.00 -114.00
	-256.00 -262.00
	-260.00 -339.00
	-223.00 -345.00
part 3
number of vertices# 
9
vertices (x,y)#
	122.00 -997.00
	197.00 -847.00
	194.00 -786.00
	61.00 -447.00
	-114.00 -449.00
	-147.00 -481.00
	-224.00 -629.00
	-266.00 -994.00
	-55.00 -997.00
part 4
number of vertices# 
10
vertices (x,y)#
	119.00 -936.00
	257.00 -890.00
	304.00 -829.00
	379.00 -679.00
	50.00 -69.00
	-125.00 -71.00
	-202.00 -219.00
	-223.00 -345.00
	-191.00 -597.00
	-58.00 -936.00
part 5
number of vertices# 
10
vertices (x,y)#
	304.00 -829.00
	379.00 -679.00
	413.00 96.00
	252.00 150.00
	77.00 148.00
	-128.00 54.00
	-205.00 -94.00
	-216.00 -174.00
	-202.00 -219.00
	127.00 -829.00
