Number of parts# 
 20
part 1
number of vertices# 
13
vertices (x,y)#
	238.00 -22.00
	493.00 104.00
	538.00 208.00
	545.00 259.00
	545.00 326.00
	490.00 427.00
	450.00 492.00
	360.00 529.00
	176.00 520.00
	98.00 510.00
	-107.00 416.00
	-100.00 319.00
	7.00 -97.00
part 2
number of vertices# 
11
vertices (x,y)#
	183.00 -76.00
	238.00 -22.00
	245.00 29.00
	138.00 445.00
	98.00 510.00
	-34.00 507.00
	-92.00 494.00
	-297.00 400.00
	-290.00 303.00
	-80.00 -97.00
	-48.00 -151.00
part 3
number of vertices# 
12
vertices (x,y)#
	151.00 -22.00
	158.00 29.00
	-52.00 429.00
	-92.00 494.00
	-163.00 525.00
	-231.00 545.00
	-279.00 542.00
	-484.00 448.00
	-549.00 257.00
	-542.00 160.00
	-196.00 -60.00
	-80.00 -97.00
part 4
number of vertices# 
8
vertices (x,y)#
	35.00 15.00
	42.00 66.00
	2.00 131.00
	-344.00 351.00
	-549.00 257.00
	-552.00 39.00
	-545.00 -58.00
	-196.00 -60.00
part 5
number of vertices# 
12
vertices (x,y)#
	457.00 345.00
	511.00 388.00
	556.00 492.00
	560.00 569.00
	560.00 636.00
	505.00 737.00
	415.00 774.00
	378.00 780.00
	194.00 771.00
	116.00 761.00
	95.00 635.00
	202.00 219.00
part 6
number of vertices# 
10
vertices (x,y)#
	201.00 208.00
	256.00 262.00
	260.00 339.00
	153.00 755.00
	116.00 761.00
	-16.00 758.00
	-74.00 745.00
	-95.00 619.00
	115.00 219.00
	147.00 165.00
part 7
number of vertices# 
11
vertices (x,y)#
	169.00 262.00
	173.00 339.00
	-37.00 739.00
	-108.00 770.00
	-176.00 790.00
	-213.00 796.00
	-261.00 793.00
	-326.00 602.00
	-347.00 476.00
	-1.00 256.00
	115.00 219.00
part 8
number of vertices# 
7
vertices (x,y)#
	53.00 299.00
	57.00 376.00
	-289.00 596.00
	-326.00 602.00
	-347.00 476.00
	-350.00 258.00
	-1.00 256.00
part 9
number of vertices# 
13
vertices (x,y)#
	446.00 723.00
	479.00 755.00
	524.00 859.00
	566.00 1224.00
	566.00 1291.00
	511.00 1392.00
	421.00 1429.00
	210.00 1432.00
	26.00 1423.00
	-52.00 1413.00
	-49.00 1352.00
	58.00 936.00
	191.00 597.00
part 10
number of vertices# 
11
vertices (x,y)#
	169.00 575.00
	224.00 629.00
	266.00 994.00
	159.00 1410.00
	-52.00 1413.00
	-184.00 1410.00
	-242.00 1397.00
	-239.00 1336.00
	-106.00 997.00
	104.00 597.00
	136.00 543.00
part 11
number of vertices# 
12
vertices (x,y)#
	137.00 629.00
	179.00 994.00
	-31.00 1394.00
	-102.00 1425.00
	-170.00 1445.00
	-381.00 1448.00
	-429.00 1445.00
	-494.00 1254.00
	-491.00 1193.00
	-358.00 854.00
	-12.00 634.00
	104.00 597.00
part 12
number of vertices# 
8
vertices (x,y)#
	21.00 666.00
	63.00 1031.00
	-283.00 1251.00
	-494.00 1254.00
	-497.00 1036.00
	-494.00 975.00
	-361.00 636.00
	-12.00 634.00
part 13
number of vertices# 
14
vertices (x,y)#
	457.00 345.00
	502.00 449.00
	523.00 575.00
	523.00 642.00
	491.00 894.00
	358.00 1233.00
	303.00 1334.00
	213.00 1371.00
	29.00 1362.00
	-49.00 1352.00
	-187.00 1306.00
	-234.00 1245.00
	-127.00 829.00
	202.00 219.00
part 14
number of vertices# 
12
vertices (x,y)#
	202.00 219.00
	223.00 345.00
	191.00 597.00
	84.00 1013.00
	-49.00 1352.00
	-181.00 1349.00
	-239.00 1336.00
	-377.00 1290.00
	-424.00 1229.00
	-214.00 829.00
	115.00 219.00
	147.00 165.00
part 15
number of vertices# 
13
vertices (x,y)#
	136.00 345.00
	104.00 597.00
	-29.00 936.00
	-239.00 1336.00
	-310.00 1367.00
	-378.00 1387.00
	-426.00 1384.00
	-564.00 1338.00
	-611.00 1277.00
	-676.00 1086.00
	-347.00 476.00
	-1.00 256.00
	115.00 219.00
part 16
number of vertices# 
9
vertices (x,y)#
	20.00 382.00
	-12.00 634.00
	-145.00 973.00
	-491.00 1193.00
	-629.00 1147.00
	-676.00 1086.00
	-679.00 868.00
	-350.00 258.00
	-1.00 256.00
part 17
number of vertices# 
14
vertices (x,y)#
	205.00 94.00
	460.00 220.00
	505.00 324.00
	516.00 404.00
	516.00 471.00
	502.00 516.00
	173.00 1126.00
	118.00 1227.00
	28.00 1264.00
	-156.00 1255.00
	-234.00 1245.00
	-268.00 470.00
	-161.00 54.00
	0.00 -0.00
part 18
number of vertices# 
12
vertices (x,y)#
	150.00 40.00
	205.00 94.00
	216.00 174.00
	109.00 590.00
	95.00 635.00
	-234.00 1245.00
	-366.00 1242.00
	-424.00 1229.00
	-458.00 454.00
	-248.00 54.00
	-216.00 0.00
	-55.00 -54.00
part 19
number of vertices# 
13
vertices (x,y)#
	118.00 94.00
	129.00 174.00
	115.00 219.00
	-95.00 619.00
	-424.00 1229.00
	-495.00 1260.00
	-563.00 1280.00
	-611.00 1277.00
	-676.00 1086.00
	-710.00 311.00
	-364.00 91.00
	-203.00 37.00
	-87.00 -0.00
part 20
number of vertices# 
9
vertices (x,y)#
	2.00 131.00
	13.00 211.00
	-1.00 256.00
	-330.00 866.00
	-676.00 1086.00
	-710.00 311.00
	-713.00 93.00
	-552.00 39.00
	-203.00 37.00
