Number of parts# 
 25
part 1
number of vertices# 
9
vertices (x,y)#
	69.00 -235.00
	188.00 -198.00
	113.00 33.00
	22.00 238.00
	-29.00 245.00
	-151.00 243.00
	-216.00 203.00
	-122.00 -37.00
	-28.00 -242.00
part 2
number of vertices# 
8
vertices (x,y)#
	-128.00 -3.00
	-219.00 202.00
	-262.00 256.00
	-339.00 260.00
	-461.00 258.00
	-467.00 221.00
	-373.00 -19.00
	-247.00 -40.00
part 3
number of vertices# 
9
vertices (x,y)#
	-964.00 -184.00
	-845.00 -147.00
	-506.00 -14.00
	-597.00 191.00
	-629.00 224.00
	-994.00 266.00
	-1116.00 264.00
	-1119.00 53.00
	-1025.00 -187.00
part 4
number of vertices# 
10
vertices (x,y)#
	-738.00 -332.00
	-128.00 -3.00
	-219.00 202.00
	-345.00 223.00
	-467.00 221.00
	-719.00 189.00
	-1058.00 56.00
	-1012.00 -82.00
	-918.00 -322.00
	-857.00 -369.00
part 5
number of vertices# 
10
vertices (x,y)#
	37.00 -366.00
	91.00 -205.00
	0.00 0.00
	-94.00 205.00
	-174.00 216.00
	-296.00 214.00
	-341.00 200.00
	-951.00 -129.00
	-857.00 -369.00
	-82.00 -403.00
part 6
number of vertices# 
10
vertices (x,y)#
	188.00 -198.00
	227.00 -188.00
	245.00 265.00
	170.00 496.00
	119.00 503.00
	52.00 483.00
	-13.00 443.00
	-94.00 205.00
	-3.00 0.00
	91.00 -205.00
part 7
number of vertices# 
9
vertices (x,y)#
	-89.00 7.00
	-71.00 460.00
	-114.00 514.00
	-191.00 518.00
	-258.00 498.00
	-339.00 260.00
	-345.00 223.00
	-254.00 18.00
	-128.00 -3.00
part 8
number of vertices# 
10
vertices (x,y)#
	-845.00 -147.00
	-806.00 -137.00
	-467.00 -4.00
	-449.00 449.00
	-481.00 482.00
	-846.00 524.00
	-913.00 504.00
	-994.00 266.00
	-997.00 55.00
	-906.00 -150.00
part 9
number of vertices# 
11
vertices (x,y)#
	-699.00 -322.00
	-89.00 7.00
	-71.00 460.00
	-197.00 481.00
	-449.00 449.00
	-516.00 429.00
	-855.00 296.00
	-936.00 58.00
	-890.00 -80.00
	-799.00 -285.00
	-738.00 -332.00
part 10
number of vertices# 
11
vertices (x,y)#
	76.00 -356.00
	130.00 -195.00
	148.00 258.00
	54.00 463.00
	-26.00 474.00
	-93.00 454.00
	-138.00 440.00
	-748.00 111.00
	-829.00 -127.00
	-738.00 -332.00
	37.00 -366.00
part 11
number of vertices# 
9
vertices (x,y)#
	340.00 -282.00
	378.00 -279.00
	456.00 -212.00
	381.00 19.00
	330.00 26.00
	185.00 13.00
	120.00 -27.00
	214.00 -232.00
	243.00 -289.00
part 12
number of vertices# 
8
vertices (x,y)#
	62.00 -84.00
	140.00 -17.00
	97.00 37.00
	20.00 41.00
	-125.00 28.00
	-131.00 -9.00
	-102.00 -66.00
	24.00 -87.00
part 13
number of vertices# 
9
vertices (x,y)#
	-693.00 -231.00
	-655.00 -228.00
	-316.00 -95.00
	-238.00 -28.00
	-270.00 5.00
	-635.00 47.00
	-780.00 34.00
	-783.00 -177.00
	-754.00 -234.00
part 14
number of vertices# 
10
vertices (x,y)#
	-548.00 -413.00
	62.00 -84.00
	140.00 -17.00
	14.00 4.00
	-131.00 -9.00
	-383.00 -41.00
	-722.00 -174.00
	-676.00 -312.00
	-647.00 -369.00
	-586.00 -416.00
part 15
number of vertices# 
10
vertices (x,y)#
	227.00 -447.00
	305.00 -380.00
	359.00 -219.00
	265.00 -14.00
	185.00 -3.00
	40.00 -16.00
	-5.00 -30.00
	-615.00 -359.00
	-586.00 -416.00
	189.00 -450.00
part 16
number of vertices# 
10
vertices (x,y)#
	311.00 -225.00
	456.00 -212.00
	533.00 -149.00
	458.00 82.00
	170.00 496.00
	119.00 503.00
	54.00 463.00
	36.00 10.00
	130.00 -195.00
	214.00 -232.00
part 17
number of vertices# 
9
vertices (x,y)#
	140.00 -17.00
	217.00 46.00
	-71.00 460.00
	-114.00 514.00
	-191.00 518.00
	-197.00 481.00
	-215.00 28.00
	-131.00 -9.00
	-5.00 -30.00
part 18
number of vertices# 
10
vertices (x,y)#
	-722.00 -174.00
	-577.00 -161.00
	-238.00 -28.00
	-161.00 35.00
	-449.00 449.00
	-481.00 482.00
	-846.00 524.00
	-864.00 71.00
	-867.00 -140.00
	-783.00 -177.00
part 19
number of vertices# 
11
vertices (x,y)#
	-470.00 -346.00
	140.00 -17.00
	217.00 46.00
	-71.00 460.00
	-197.00 481.00
	-449.00 449.00
	-788.00 316.00
	-806.00 -137.00
	-760.00 -275.00
	-699.00 -322.00
	-615.00 -359.00
part 20
number of vertices# 
11
vertices (x,y)#
	305.00 -380.00
	382.00 -317.00
	436.00 -156.00
	342.00 49.00
	54.00 463.00
	-26.00 474.00
	-71.00 460.00
	-681.00 131.00
	-699.00 -322.00
	-615.00 -359.00
	160.00 -393.00
part 21
number of vertices# 
9
vertices (x,y)#
	1072.00 -161.00
	1072.00 33.00
	997.00 264.00
	170.00 496.00
	119.00 503.00
	54.00 463.00
	148.00 258.00
	436.00 -156.00
	975.00 -168.00
part 22
number of vertices# 
8
vertices (x,y)#
	756.00 228.00
	713.00 282.00
	-114.00 514.00
	-191.00 518.00
	-197.00 481.00
	91.00 67.00
	217.00 46.00
	756.00 34.00
part 23
number of vertices# 
9
vertices (x,y)#
	39.00 -110.00
	378.00 23.00
	378.00 217.00
	346.00 250.00
	-481.00 482.00
	-846.00 524.00
	-849.00 313.00
	-561.00 -101.00
	-22.00 -113.00
part 24
number of vertices# 
10
vertices (x,y)#
	756.00 34.00
	756.00 228.00
	-71.00 460.00
	-197.00 481.00
	-449.00 449.00
	-788.00 316.00
	-742.00 178.00
	-454.00 -236.00
	-393.00 -283.00
	146.00 -295.00
part 25
number of vertices# 
10
vertices (x,y)#
	975.00 -168.00
	975.00 26.00
	881.00 231.00
	54.00 463.00
	-26.00 474.00
	-71.00 460.00
	-681.00 131.00
	-393.00 -283.00
	382.00 -317.00
	921.00 -329.00
