Number of parts# 
 16
part 1
number of vertices# 
12
vertices (x,y)#
	255.00 126.00
	300.00 230.00
	347.00 349.00
	347.00 416.00
	292.00 517.00
	202.00 554.00
	-93.00 602.00
	-277.00 593.00
	-355.00 583.00
	-456.00 564.00
	-349.00 148.00
	0.00 -0.00
part 2
number of vertices# 
10
vertices (x,y)#
	0.00 0.00
	47.00 119.00
	-60.00 535.00
	-355.00 583.00
	-487.00 580.00
	-588.00 561.00
	-646.00 548.00
	-436.00 148.00
	-404.00 94.00
	-55.00 -54.00
part 3
number of vertices# 
11
vertices (x,y)#
	-40.00 119.00
	-250.00 519.00
	-321.00 550.00
	-389.00 570.00
	-684.00 618.00
	-732.00 615.00
	-833.00 596.00
	-898.00 405.00
	-552.00 185.00
	-203.00 37.00
	-87.00 -0.00
part 4
number of vertices# 
7
vertices (x,y)#
	-156.00 156.00
	-502.00 376.00
	-797.00 424.00
	-898.00 405.00
	-901.00 187.00
	-552.00 39.00
	-203.00 37.00
part 5
number of vertices# 
12
vertices (x,y)#
	-105.00 -804.00
	-60.00 -700.00
	303.00 156.00
	303.00 223.00
	300.00 297.00
	245.00 398.00
	-104.00 546.00
	-194.00 583.00
	-378.00 574.00
	-456.00 564.00
	-467.00 -514.00
	-360.00 -930.00
part 6
number of vertices# 
10
vertices (x,y)#
	-360.00 -930.00
	3.00 -74.00
	0.00 0.00
	-107.00 416.00
	-456.00 564.00
	-588.00 561.00
	-646.00 548.00
	-657.00 -530.00
	-447.00 -930.00
	-415.00 -984.00
part 7
number of vertices# 
11
vertices (x,y)#
	-84.00 -74.00
	-87.00 0.00
	-297.00 400.00
	-368.00 431.00
	-717.00 579.00
	-785.00 599.00
	-833.00 596.00
	-898.00 405.00
	-909.00 -673.00
	-563.00 -893.00
	-447.00 -930.00
part 8
number of vertices# 
7
vertices (x,y)#
	-200.00 -37.00
	-203.00 37.00
	-549.00 257.00
	-898.00 405.00
	-901.00 187.00
	-912.00 -891.00
	-563.00 -893.00
part 9
number of vertices# 
12
vertices (x,y)#
	-105.00 -804.00
	189.00 -326.00
	234.00 -222.00
	326.00 27.00
	326.00 94.00
	303.00 223.00
	248.00 324.00
	158.00 361.00
	-26.00 352.00
	-104.00 342.00
	-467.00 -514.00
	-360.00 -930.00
part 10
number of vertices# 
10
vertices (x,y)#
	-360.00 -930.00
	-66.00 -452.00
	26.00 -203.00
	3.00 -74.00
	-104.00 342.00
	-236.00 339.00
	-294.00 326.00
	-657.00 -530.00
	-447.00 -930.00
	-415.00 -984.00
part 11
number of vertices# 
11
vertices (x,y)#
	-153.00 -452.00
	-61.00 -203.00
	-84.00 -74.00
	-294.00 326.00
	-365.00 357.00
	-433.00 377.00
	-481.00 374.00
	-844.00 -482.00
	-909.00 -673.00
	-563.00 -893.00
	-447.00 -930.00
part 12
number of vertices# 
7
vertices (x,y)#
	-269.00 -415.00
	-177.00 -166.00
	-200.00 -37.00
	-546.00 183.00
	-909.00 -673.00
	-912.00 -891.00
	-563.00 -893.00
part 13
number of vertices# 
11
vertices (x,y)#
	-68.00 -920.00
	187.00 -794.00
	232.00 -690.00
	234.00 -222.00
	234.00 -155.00
	179.00 -54.00
	89.00 -17.00
	-95.00 -26.00
	-173.00 -36.00
	-467.00 -514.00
	-360.00 -930.00
part 14
number of vertices# 
9
vertices (x,y)#
	-123.00 -974.00
	-68.00 -920.00
	-66.00 -452.00
	-173.00 -36.00
	-305.00 -39.00
	-363.00 -52.00
	-657.00 -530.00
	-447.00 -930.00
	-415.00 -984.00
part 15
number of vertices# 
10
vertices (x,y)#
	-155.00 -920.00
	-153.00 -452.00
	-363.00 -52.00
	-434.00 -21.00
	-502.00 -1.00
	-550.00 -4.00
	-844.00 -482.00
	-909.00 -673.00
	-563.00 -893.00
	-447.00 -930.00
part 16
number of vertices# 
6
vertices (x,y)#
	-271.00 -883.00
	-269.00 -415.00
	-615.00 -195.00
	-909.00 -673.00
	-912.00 -891.00
	-563.00 -893.00
