Number of parts# 
 5
part 1
number of vertices# 
9
vertices (x,y)#
	29.00 -322.00
	94.00 -282.00
	94.00 -205.00
	0.00 -0.00
	-239.00 1.00
	-336.00 -6.00
	-339.00 -86.00
	-264.00 -317.00
	-213.00 -324.00
part 2
number of vertices# 
8
vertices (x,y)#
	339.00 -337.00
	345.00 -300.00
	345.00 -223.00
	219.00 -202.00
	-20.00 -201.00
	-23.00 -281.00
	20.00 -335.00
	97.00 -339.00
part 3
number of vertices# 
9
vertices (x,y)#
	994.00 -343.00
	997.00 -132.00
	997.00 -55.00
	758.00 -54.00
	697.00 -57.00
	358.00 -190.00
	355.00 -270.00
	387.00 -303.00
	752.00 -345.00
part 4
number of vertices# 
10
vertices (x,y)#
	345.00 -300.00
	597.00 -268.00
	936.00 -135.00
	936.00 -58.00
	890.00 80.00
	829.00 127.00
	590.00 128.00
	-20.00 -201.00
	-23.00 -281.00
	103.00 -302.00
part 5
number of vertices# 
10
vertices (x,y)#
	174.00 -293.00
	219.00 -279.00
	829.00 50.00
	829.00 127.00
	54.00 161.00
	-185.00 162.00
	-239.00 1.00
	-242.00 -79.00
	-148.00 -284.00
	-68.00 -295.00
