Number of parts# 
 16
part 1
number of vertices# 
12
vertices (x,y)#
	107.00 -223.00
	152.00 -119.00
	300.00 230.00
	300.00 297.00
	245.00 398.00
	155.00 435.00
	36.00 482.00
	-148.00 473.00
	-226.00 463.00
	-274.00 168.00
	-255.00 67.00
	-148.00 -349.00
part 2
number of vertices# 
10
vertices (x,y)#
	-148.00 -349.00
	0.00 0.00
	-107.00 416.00
	-226.00 463.00
	-358.00 460.00
	-416.00 447.00
	-464.00 152.00
	-445.00 51.00
	-235.00 -349.00
	-203.00 -403.00
part 3
number of vertices# 
11
vertices (x,y)#
	-87.00 0.00
	-297.00 400.00
	-368.00 431.00
	-487.00 478.00
	-555.00 498.00
	-603.00 495.00
	-668.00 304.00
	-716.00 9.00
	-697.00 -92.00
	-351.00 -312.00
	-235.00 -349.00
part 4
number of vertices# 
7
vertices (x,y)#
	-203.00 37.00
	-549.00 257.00
	-668.00 304.00
	-716.00 9.00
	-719.00 -209.00
	-700.00 -310.00
	-351.00 -312.00
part 5
number of vertices# 
12
vertices (x,y)#
	1185.00 -234.00
	1230.00 -130.00
	1230.00 -63.00
	1175.00 38.00
	319.00 401.00
	229.00 438.00
	155.00 435.00
	-29.00 426.00
	-107.00 416.00
	-255.00 67.00
	-148.00 -349.00
	930.00 -360.00
part 6
number of vertices# 
10
vertices (x,y)#
	930.00 -360.00
	823.00 56.00
	-33.00 419.00
	-165.00 416.00
	-239.00 413.00
	-297.00 400.00
	-445.00 51.00
	-235.00 -349.00
	-203.00 -403.00
	875.00 -414.00
part 7
number of vertices# 
11
vertices (x,y)#
	633.00 40.00
	562.00 71.00
	-294.00 434.00
	-362.00 454.00
	-436.00 451.00
	-484.00 448.00
	-632.00 99.00
	-697.00 -92.00
	-351.00 -312.00
	-235.00 -349.00
	843.00 -360.00
part 8
number of vertices# 
7
vertices (x,y)#
	381.00 -103.00
	-475.00 260.00
	-549.00 257.00
	-697.00 -92.00
	-700.00 -310.00
	378.00 -321.00
	727.00 -323.00
part 9
number of vertices# 
12
vertices (x,y)#
	1185.00 -234.00
	1230.00 -130.00
	1230.00 -63.00
	1175.00 38.00
	697.00 332.00
	607.00 369.00
	358.00 461.00
	174.00 452.00
	96.00 442.00
	-33.00 419.00
	74.00 3.00
	930.00 -360.00
part 10
number of vertices# 
10
vertices (x,y)#
	930.00 -360.00
	823.00 56.00
	345.00 350.00
	96.00 442.00
	-36.00 439.00
	-165.00 416.00
	-223.00 403.00
	-13.00 3.00
	19.00 -51.00
	875.00 -414.00
part 11
number of vertices# 
11
vertices (x,y)#
	633.00 40.00
	155.00 334.00
	84.00 365.00
	-165.00 457.00
	-233.00 477.00
	-281.00 474.00
	-410.00 451.00
	-475.00 260.00
	-129.00 40.00
	727.00 -323.00
	843.00 -360.00
part 12
number of vertices# 
7
vertices (x,y)#
	381.00 -103.00
	-97.00 191.00
	-346.00 283.00
	-475.00 260.00
	-478.00 42.00
	378.00 -321.00
	727.00 -323.00
part 13
number of vertices# 
11
vertices (x,y)#
	1185.00 -234.00
	1230.00 -130.00
	1230.00 -63.00
	1220.00 229.00
	1165.00 330.00
	1075.00 367.00
	607.00 369.00
	423.00 360.00
	345.00 350.00
	452.00 -66.00
	930.00 -360.00
part 14
number of vertices# 
9
vertices (x,y)#
	930.00 -360.00
	920.00 -68.00
	813.00 348.00
	345.00 350.00
	213.00 347.00
	155.00 334.00
	365.00 -66.00
	397.00 -120.00
	875.00 -414.00
part 15
number of vertices# 
10
vertices (x,y)#
	833.00 -68.00
	623.00 332.00
	552.00 363.00
	484.00 383.00
	16.00 385.00
	-32.00 382.00
	-97.00 191.00
	249.00 -29.00
	727.00 -323.00
	843.00 -360.00
part 16
number of vertices# 
6
vertices (x,y)#
	717.00 -31.00
	371.00 189.00
	-97.00 191.00
	-100.00 -27.00
	378.00 -321.00
	727.00 -323.00
