Number of parts# 
 4
part 1
number of vertices# 
11
vertices (x,y)#
	316.00 2.00
	571.00 128.00
	616.00 232.00
	616.00 571.00
	561.00 672.00
	471.00 709.00
	155.00 710.00
	-29.00 701.00
	-107.00 691.00
	-107.00 416.00
	-0.00 0.00
part 2
number of vertices# 
10
vertices (x,y)#
	261.00 -52.00
	316.00 2.00
	316.00 274.00
	209.00 690.00
	-107.00 691.00
	-239.00 688.00
	-297.00 675.00
	-297.00 400.00
	-87.00 0.00
	-55.00 -54.00
part 3
number of vertices# 
11
vertices (x,y)#
	229.00 2.00
	229.00 274.00
	19.00 674.00
	-52.00 705.00
	-120.00 725.00
	-436.00 726.00
	-484.00 723.00
	-549.00 532.00
	-549.00 257.00
	-203.00 37.00
	-87.00 -0.00
part 4
number of vertices# 
7
vertices (x,y)#
	113.00 39.00
	113.00 311.00
	-233.00 531.00
	-549.00 532.00
	-552.00 314.00
	-552.00 39.00
	-203.00 37.00
