Number of parts# 
 10
part 1
number of vertices# 
9
vertices (x,y)#
	-240.00 -384.00
	-143.00 -377.00
	97.00 7.00
	22.00 238.00
	-29.00 245.00
	-220.00 245.00
	-285.00 205.00
	-404.00 -179.00
	-310.00 -384.00
part 2
number of vertices# 
9
vertices (x,y)#
	-0.00 -758.00
	97.00 -751.00
	97.00 7.00
	22.00 238.00
	-29.00 245.00
	-94.00 205.00
	-334.00 -179.00
	-335.00 -554.00
	-241.00 -759.00
part 3
number of vertices# 
8
vertices (x,y)#
	-459.00 -182.00
	-219.00 202.00
	-262.00 256.00
	-339.00 260.00
	-530.00 260.00
	-649.00 -124.00
	-655.00 -161.00
	-529.00 -182.00
part 4
number of vertices# 
8
vertices (x,y)#
	-219.00 -556.00
	-219.00 202.00
	-262.00 256.00
	-339.00 260.00
	-579.00 -124.00
	-585.00 -161.00
	-586.00 -536.00
	-460.00 -557.00
part 5
number of vertices# 
9
vertices (x,y)#
	-1237.00 -329.00
	-1176.00 -326.00
	-837.00 -193.00
	-597.00 191.00
	-629.00 224.00
	-994.00 266.00
	-1185.00 266.00
	-1304.00 -118.00
	-1307.00 -329.00
part 6
number of vertices# 
9
vertices (x,y)#
	-997.00 -703.00
	-936.00 -700.00
	-597.00 -567.00
	-597.00 191.00
	-629.00 224.00
	-994.00 266.00
	-1234.00 -118.00
	-1237.00 -329.00
	-1238.00 -704.00
part 7
number of vertices# 
10
vertices (x,y)#
	-1069.00 -511.00
	-459.00 -182.00
	-219.00 202.00
	-345.00 223.00
	-536.00 223.00
	-788.00 191.00
	-1127.00 58.00
	-1246.00 -326.00
	-1200.00 -464.00
	-1139.00 -511.00
part 8
number of vertices# 
10
vertices (x,y)#
	-829.00 -885.00
	-219.00 -556.00
	-219.00 202.00
	-345.00 223.00
	-597.00 191.00
	-936.00 58.00
	-1176.00 -326.00
	-1177.00 -701.00
	-1131.00 -839.00
	-1070.00 -886.00
part 9
number of vertices# 
10
vertices (x,y)#
	-294.00 -545.00
	-54.00 -161.00
	0.00 0.00
	-94.00 205.00
	-174.00 216.00
	-365.00 216.00
	-410.00 202.00
	-1020.00 -127.00
	-1139.00 -511.00
	-364.00 -545.00
part 10
number of vertices# 
10
vertices (x,y)#
	-54.00 -919.00
	-0.00 -758.00
	0.00 0.00
	-94.00 205.00
	-174.00 216.00
	-219.00 202.00
	-829.00 -127.00
	-1069.00 -511.00
	-1070.00 -886.00
	-295.00 -920.00
