Number of parts# 
 20
part 1
number of vertices# 
9
vertices (x,y)#
	238.00 -22.00
	285.00 97.00
	292.00 148.00
	252.00 213.00
	-43.00 261.00
	-144.00 242.00
	-349.00 148.00
	-342.00 51.00
	7.00 -97.00
part 2
number of vertices# 
9
vertices (x,y)#
	-122.00 -952.00
	241.00 -96.00
	248.00 -45.00
	245.00 29.00
	205.00 94.00
	-144.00 242.00
	-349.00 148.00
	-360.00 -930.00
	-353.00 -1027.00
part 3
number of vertices# 
9
vertices (x,y)#
	-122.00 -952.00
	172.00 -474.00
	264.00 -225.00
	271.00 -174.00
	248.00 -45.00
	208.00 20.00
	3.00 -74.00
	-360.00 -930.00
	-353.00 -1027.00
part 4
number of vertices# 
8
vertices (x,y)#
	-61.00 -1017.00
	170.00 -942.00
	177.00 -891.00
	179.00 -423.00
	139.00 -358.00
	-66.00 -452.00
	-360.00 -930.00
	-353.00 -1027.00
part 5
number of vertices# 
8
vertices (x,y)#
	256.00 262.00
	303.00 381.00
	307.00 458.00
	12.00 506.00
	-25.00 512.00
	-126.00 493.00
	-147.00 367.00
	202.00 219.00
part 6
number of vertices# 
8
vertices (x,y)#
	-104.00 -668.00
	259.00 188.00
	263.00 265.00
	260.00 339.00
	-89.00 487.00
	-126.00 493.00
	-147.00 367.00
	-158.00 -711.00
part 7
number of vertices# 
8
vertices (x,y)#
	-104.00 -668.00
	190.00 -190.00
	282.00 59.00
	286.00 136.00
	263.00 265.00
	226.00 271.00
	-137.00 -585.00
	-158.00 -711.00
part 8
number of vertices# 
7
vertices (x,y)#
	134.00 -701.00
	188.00 -658.00
	192.00 -581.00
	194.00 -113.00
	157.00 -107.00
	-137.00 -585.00
	-158.00 -711.00
part 9
number of vertices# 
9
vertices (x,y)#
	224.00 629.00
	271.00 748.00
	313.00 1113.00
	18.00 1161.00
	-193.00 1164.00
	-294.00 1145.00
	-291.00 1084.00
	-158.00 745.00
	191.00 597.00
part 10
number of vertices# 
9
vertices (x,y)#
	-136.00 -301.00
	227.00 555.00
	269.00 920.00
	266.00 994.00
	-83.00 1142.00
	-294.00 1145.00
	-305.00 67.00
	-302.00 6.00
	-169.00 -333.00
part 11
number of vertices# 
9
vertices (x,y)#
	-136.00 -301.00
	158.00 177.00
	250.00 426.00
	292.00 791.00
	269.00 920.00
	58.00 923.00
	-305.00 67.00
	-302.00 6.00
	-169.00 -333.00
part 12
number of vertices# 
8
vertices (x,y)#
	123.00 -323.00
	156.00 -291.00
	198.00 74.00
	200.00 542.00
	-11.00 545.00
	-305.00 67.00
	-302.00 6.00
	-169.00 -333.00
part 13
number of vertices# 
10
vertices (x,y)#
	249.00 338.00
	270.00 464.00
	238.00 716.00
	105.00 1055.00
	-190.00 1103.00
	-291.00 1084.00
	-429.00 1038.00
	-476.00 977.00
	-147.00 367.00
	202.00 219.00
part 14
number of vertices# 
10
vertices (x,y)#
	205.00 145.00
	226.00 271.00
	223.00 345.00
	191.00 597.00
	58.00 936.00
	-291.00 1084.00
	-429.00 1038.00
	-476.00 977.00
	-487.00 -101.00
	-158.00 -711.00
part 15
number of vertices# 
10
vertices (x,y)#
	136.00 -233.00
	228.00 16.00
	249.00 142.00
	217.00 394.00
	194.00 523.00
	61.00 862.00
	-77.00 816.00
	-124.00 755.00
	-487.00 -101.00
	-158.00 -711.00
part 16
number of vertices# 
9
vertices (x,y)#
	134.00 -701.00
	155.00 -575.00
	157.00 -107.00
	125.00 145.00
	-8.00 484.00
	-146.00 438.00
	-193.00 377.00
	-487.00 -101.00
	-158.00 -711.00
part 17
number of vertices# 
10
vertices (x,y)#
	205.00 94.00
	252.00 213.00
	263.00 293.00
	249.00 338.00
	-80.00 948.00
	-375.00 996.00
	-476.00 977.00
	-510.00 202.00
	-161.00 54.00
	0.00 -0.00
part 18
number of vertices# 
10
vertices (x,y)#
	-155.00 -836.00
	208.00 20.00
	219.00 100.00
	216.00 174.00
	202.00 219.00
	-127.00 829.00
	-476.00 977.00
	-510.00 202.00
	-521.00 -876.00
	-360.00 -930.00
part 19
number of vertices# 
10
vertices (x,y)#
	-155.00 -836.00
	139.00 -358.00
	231.00 -109.00
	242.00 -29.00
	219.00 100.00
	205.00 145.00
	-124.00 755.00
	-487.00 -101.00
	-521.00 -876.00
	-360.00 -930.00
part 20
number of vertices# 
9
vertices (x,y)#
	-68.00 -920.00
	137.00 -826.00
	148.00 -746.00
	150.00 -278.00
	136.00 -233.00
	-193.00 377.00
	-487.00 -101.00
	-521.00 -876.00
	-360.00 -930.00
