Number of parts# 
 10
part 1
number of vertices# 
9
vertices (x,y)#
	238.00 -22.00
	245.00 29.00
	245.00 220.00
	205.00 285.00
	-179.00 404.00
	-384.00 310.00
	-384.00 240.00
	-377.00 143.00
	7.00 -97.00
part 2
number of vertices# 
9
vertices (x,y)#
	7.00 -97.00
	238.00 -22.00
	245.00 29.00
	205.00 94.00
	-179.00 334.00
	-554.00 335.00
	-759.00 241.00
	-758.00 0.00
	-751.00 -97.00
part 3
number of vertices# 
8
vertices (x,y)#
	256.00 262.00
	260.00 339.00
	260.00 530.00
	-124.00 649.00
	-161.00 655.00
	-182.00 529.00
	-182.00 459.00
	202.00 219.00
part 4
number of vertices# 
8
vertices (x,y)#
	202.00 219.00
	256.00 262.00
	260.00 339.00
	-124.00 579.00
	-161.00 585.00
	-536.00 586.00
	-557.00 460.00
	-556.00 219.00
part 5
number of vertices# 
9
vertices (x,y)#
	224.00 629.00
	266.00 994.00
	266.00 1185.00
	-118.00 1304.00
	-329.00 1307.00
	-329.00 1237.00
	-326.00 1176.00
	-193.00 837.00
	191.00 597.00
part 6
number of vertices# 
9
vertices (x,y)#
	191.00 597.00
	224.00 629.00
	266.00 994.00
	-118.00 1234.00
	-329.00 1237.00
	-704.00 1238.00
	-703.00 997.00
	-700.00 936.00
	-567.00 597.00
part 7
number of vertices# 
10
vertices (x,y)#
	223.00 345.00
	223.00 536.00
	191.00 788.00
	58.00 1127.00
	-326.00 1246.00
	-464.00 1200.00
	-511.00 1139.00
	-511.00 1069.00
	-182.00 459.00
	202.00 219.00
part 8
number of vertices# 
10
vertices (x,y)#
	202.00 219.00
	223.00 345.00
	191.00 597.00
	58.00 936.00
	-326.00 1176.00
	-701.00 1177.00
	-839.00 1131.00
	-886.00 1070.00
	-885.00 829.00
	-556.00 219.00
part 9
number of vertices# 
10
vertices (x,y)#
	205.00 94.00
	216.00 174.00
	216.00 365.00
	202.00 410.00
	-127.00 1020.00
	-511.00 1139.00
	-545.00 364.00
	-545.00 294.00
	-161.00 54.00
	0.00 -0.00
part 10
number of vertices# 
10
vertices (x,y)#
	0.00 0.00
	205.00 94.00
	216.00 174.00
	202.00 219.00
	-127.00 829.00
	-511.00 1069.00
	-886.00 1070.00
	-920.00 295.00
	-919.00 54.00
	-758.00 -0.00
