Number of parts# 
 5
part 1
number of vertices# 
9
vertices (x,y)#
	239.00 -1.00
	242.00 79.00
	235.00 176.00
	-7.00 174.00
	-238.00 99.00
	-245.00 48.00
	-245.00 -29.00
	-205.00 -94.00
	34.00 -95.00
part 2
number of vertices# 
8
vertices (x,y)#
	37.00 -220.00
	40.00 -140.00
	-202.00 -142.00
	-256.00 -185.00
	-260.00 -262.00
	-260.00 -339.00
	-223.00 -345.00
	16.00 -346.00
part 3
number of vertices# 
9
vertices (x,y)#
	187.00 -918.00
	184.00 -857.00
	51.00 -518.00
	-191.00 -520.00
	-224.00 -552.00
	-266.00 -917.00
	-266.00 -994.00
	-55.00 -997.00
	184.00 -998.00
part 4
number of vertices# 
10
vertices (x,y)#
	319.00 -891.00
	366.00 -830.00
	369.00 -750.00
	40.00 -140.00
	-202.00 -142.00
	-223.00 -268.00
	-223.00 -345.00
	-191.00 -597.00
	-58.00 -936.00
	181.00 -937.00
part 5
number of vertices# 
10
vertices (x,y)#
	400.00 -55.00
	403.00 25.00
	242.00 79.00
	0.00 77.00
	-205.00 -17.00
	-216.00 -97.00
	-216.00 -174.00
	-202.00 -219.00
	127.00 -829.00
	366.00 -830.00
