Number of parts# 
 5
part 1
number of vertices# 
9
vertices (x,y)#
	69.00 -410.00
	274.00 -316.00
	275.00 -0.00
	268.00 97.00
	-7.00 97.00
	-238.00 22.00
	-245.00 -29.00
	-243.00 -345.00
	-203.00 -410.00
part 2
number of vertices# 
8
vertices (x,y)#
	51.00 -661.00
	72.00 -535.00
	73.00 -219.00
	-202.00 -219.00
	-256.00 -262.00
	-260.00 -339.00
	-258.00 -655.00
	-221.00 -661.00
part 3
number of vertices# 
9
vertices (x,y)#
	219.00 -1313.00
	220.00 -997.00
	217.00 -936.00
	84.00 -597.00
	-191.00 -597.00
	-224.00 -629.00
	-266.00 -994.00
	-264.00 -1310.00
	-53.00 -1313.00
part 4
number of vertices# 
10
vertices (x,y)#
	216.00 -1252.00
	354.00 -1206.00
	401.00 -1145.00
	402.00 -829.00
	73.00 -219.00
	-202.00 -219.00
	-223.00 -345.00
	-221.00 -661.00
	-189.00 -913.00
	-56.00 -1252.00
part 5
number of vertices# 
10
vertices (x,y)#
	401.00 -1145.00
	435.00 -370.00
	436.00 -54.00
	275.00 0.00
	0.00 0.00
	-205.00 -94.00
	-216.00 -174.00
	-214.00 -490.00
	-200.00 -535.00
	129.00 -1145.00
