Number of parts# 
 16
part 1
number of vertices# 
12
vertices (x,y)#
	349.00 -148.00
	604.00 -22.00
	649.00 82.00
	649.00 149.00
	594.00 250.00
	245.00 398.00
	155.00 435.00
	-29.00 426.00
	-107.00 416.00
	-154.00 297.00
	-47.00 -119.00
	248.00 -167.00
part 2
number of vertices# 
10
vertices (x,y)#
	294.00 -202.00
	349.00 -148.00
	242.00 268.00
	-107.00 416.00
	-239.00 413.00
	-297.00 400.00
	-344.00 281.00
	-134.00 -119.00
	-102.00 -173.00
	193.00 -221.00
part 3
number of vertices# 
11
vertices (x,y)#
	262.00 -148.00
	52.00 252.00
	-19.00 283.00
	-368.00 431.00
	-436.00 451.00
	-484.00 448.00
	-531.00 329.00
	-596.00 138.00
	-250.00 -82.00
	-134.00 -119.00
	161.00 -167.00
part 4
number of vertices# 
7
vertices (x,y)#
	146.00 -111.00
	-200.00 109.00
	-549.00 257.00
	-596.00 138.00
	-599.00 -80.00
	-304.00 -128.00
	45.00 -130.00
part 5
number of vertices# 
12
vertices (x,y)#
	604.00 -22.00
	649.00 82.00
	660.00 1160.00
	660.00 1227.00
	605.00 1328.00
	515.00 1365.00
	331.00 1356.00
	253.00 1346.00
	-110.00 490.00
	-107.00 416.00
	0.00 0.00
	349.00 -148.00
part 6
number of vertices# 
10
vertices (x,y)#
	349.00 -148.00
	360.00 930.00
	253.00 1346.00
	121.00 1343.00
	63.00 1330.00
	-300.00 474.00
	-297.00 400.00
	-87.00 0.00
	-55.00 -54.00
	294.00 -202.00
part 7
number of vertices# 
11
vertices (x,y)#
	273.00 930.00
	63.00 1330.00
	-8.00 1361.00
	-76.00 1381.00
	-124.00 1378.00
	-487.00 522.00
	-552.00 331.00
	-549.00 257.00
	-203.00 37.00
	146.00 -111.00
	262.00 -148.00
part 8
number of vertices# 
7
vertices (x,y)#
	157.00 967.00
	-189.00 1187.00
	-552.00 331.00
	-555.00 113.00
	-552.00 39.00
	-203.00 -109.00
	146.00 -111.00
part 9
number of vertices# 
12
vertices (x,y)#
	252.00 200.00
	297.00 304.00
	660.00 1160.00
	660.00 1227.00
	605.00 1328.00
	515.00 1365.00
	331.00 1356.00
	253.00 1346.00
	-41.00 868.00
	-133.00 619.00
	-110.00 490.00
	-3.00 74.00
part 10
number of vertices# 
10
vertices (x,y)#
	-3.00 74.00
	360.00 930.00
	253.00 1346.00
	121.00 1343.00
	63.00 1330.00
	-231.00 852.00
	-323.00 603.00
	-300.00 474.00
	-90.00 74.00
	-58.00 20.00
part 11
number of vertices# 
11
vertices (x,y)#
	273.00 930.00
	63.00 1330.00
	-8.00 1361.00
	-76.00 1381.00
	-124.00 1378.00
	-418.00 900.00
	-510.00 651.00
	-575.00 460.00
	-552.00 331.00
	-206.00 111.00
	-90.00 74.00
part 12
number of vertices# 
7
vertices (x,y)#
	157.00 967.00
	-189.00 1187.00
	-483.00 709.00
	-575.00 460.00
	-578.00 242.00
	-555.00 113.00
	-206.00 111.00
part 13
number of vertices# 
11
vertices (x,y)#
	321.00 578.00
	615.00 1056.00
	660.00 1160.00
	660.00 1227.00
	605.00 1328.00
	515.00 1365.00
	223.00 1355.00
	39.00 1346.00
	-39.00 1336.00
	-41.00 868.00
	66.00 452.00
part 14
number of vertices# 
9
vertices (x,y)#
	66.00 452.00
	360.00 930.00
	253.00 1346.00
	121.00 1343.00
	-171.00 1333.00
	-229.00 1320.00
	-231.00 852.00
	-21.00 452.00
	11.00 398.00
part 15
number of vertices# 
10
vertices (x,y)#
	273.00 930.00
	63.00 1330.00
	-8.00 1361.00
	-76.00 1381.00
	-368.00 1371.00
	-416.00 1368.00
	-481.00 1177.00
	-483.00 709.00
	-137.00 489.00
	-21.00 452.00
part 16
number of vertices# 
6
vertices (x,y)#
	157.00 967.00
	-189.00 1187.00
	-481.00 1177.00
	-484.00 959.00
	-486.00 491.00
	-137.00 489.00
