Number of parts# 
 25
part 1
number of vertices# 
10
vertices (x,y)#
	29.00 -245.00
	94.00 -205.00
	87.00 -108.00
	-7.00 97.00
	-104.00 90.00
	-335.00 15.00
	-342.00 -36.00
	-267.00 -267.00
	-227.00 -332.00
	-176.00 -339.00
part 2
number of vertices# 
9
vertices (x,y)#
	339.00 -260.00
	345.00 -223.00
	338.00 -126.00
	212.00 -105.00
	-19.00 -180.00
	-26.00 -231.00
	14.00 -296.00
	57.00 -350.00
	134.00 -354.00
part 3
number of vertices# 
10
vertices (x,y)#
	994.00 -266.00
	997.00 -55.00
	990.00 42.00
	929.00 39.00
	698.00 -36.00
	359.00 -169.00
	352.00 -220.00
	392.00 -285.00
	424.00 -318.00
	789.00 -360.00
part 4
number of vertices# 
11
vertices (x,y)#
	392.00 -285.00
	731.00 -152.00
	936.00 -58.00
	929.00 39.00
	883.00 177.00
	822.00 224.00
	591.00 149.00
	-19.00 -180.00
	-26.00 -231.00
	14.00 -296.00
	140.00 -317.00
part 5
number of vertices# 
11
vertices (x,y)#
	14.00 -296.00
	219.00 -202.00
	829.00 127.00
	822.00 224.00
	47.00 258.00
	-184.00 183.00
	-238.00 22.00
	-245.00 -29.00
	-151.00 -234.00
	-111.00 -299.00
	-31.00 -310.00
part 6
number of vertices# 
9
vertices (x,y)#
	-129.00 -550.00
	-108.00 -424.00
	-202.00 -219.00
	-299.00 -226.00
	-353.00 -269.00
	-357.00 -346.00
	-282.00 -577.00
	-245.00 -583.00
	-194.00 -590.00
part 7
number of vertices# 
8
vertices (x,y)#
	137.00 -479.00
	143.00 -442.00
	17.00 -421.00
	-37.00 -464.00
	-41.00 -541.00
	2.00 -595.00
	39.00 -601.00
	116.00 -605.00
part 8
number of vertices# 
9
vertices (x,y)#
	792.00 -485.00
	795.00 -274.00
	734.00 -277.00
	395.00 -410.00
	341.00 -453.00
	337.00 -530.00
	369.00 -563.00
	406.00 -569.00
	771.00 -611.00
part 9
number of vertices# 
10
vertices (x,y)#
	374.00 -536.00
	713.00 -403.00
	734.00 -277.00
	688.00 -139.00
	627.00 -92.00
	17.00 -421.00
	-37.00 -464.00
	-41.00 -541.00
	85.00 -562.00
	122.00 -568.00
part 10
number of vertices# 
10
vertices (x,y)#
	-4.00 -547.00
	606.00 -218.00
	627.00 -92.00
	-148.00 -58.00
	-202.00 -101.00
	-256.00 -262.00
	-260.00 -339.00
	-166.00 -544.00
	-129.00 -550.00
	-49.00 -561.00
part 11
number of vertices# 
10
vertices (x,y)#
	39.00 -1202.00
	36.00 -1141.00
	-97.00 -802.00
	-191.00 -597.00
	-288.00 -604.00
	-321.00 -636.00
	-363.00 -1001.00
	-288.00 -1232.00
	-237.00 -1239.00
	-26.00 -1242.00
part 12
number of vertices# 
9
vertices (x,y)#
	290.00 -1220.00
	287.00 -1159.00
	154.00 -820.00
	28.00 -799.00
	-5.00 -831.00
	-47.00 -1196.00
	-4.00 -1250.00
	73.00 -1254.00
	284.00 -1257.00
part 13
number of vertices# 
10
vertices (x,y)#
	942.00 -1052.00
	939.00 -991.00
	806.00 -652.00
	745.00 -655.00
	406.00 -788.00
	373.00 -820.00
	331.00 -1185.00
	363.00 -1218.00
	728.00 -1260.00
	939.00 -1263.00
part 14
number of vertices# 
11
vertices (x,y)#
	542.00 -1188.00
	881.00 -1055.00
	878.00 -994.00
	832.00 -856.00
	699.00 -517.00
	638.00 -470.00
	28.00 -799.00
	-5.00 -831.00
	-47.00 -1196.00
	79.00 -1217.00
	290.00 -1220.00
part 15
number of vertices# 
11
vertices (x,y)#
	164.00 -1199.00
	774.00 -870.00
	771.00 -809.00
	638.00 -470.00
	-137.00 -436.00
	-170.00 -468.00
	-224.00 -629.00
	-266.00 -994.00
	-172.00 -1199.00
	-92.00 -1210.00
	119.00 -1213.00
part 16
number of vertices# 
11
vertices (x,y)#
	109.00 -1135.00
	174.00 -1095.00
	221.00 -1034.00
	127.00 -829.00
	-202.00 -219.00
	-299.00 -226.00
	-320.00 -352.00
	-288.00 -604.00
	-213.00 -835.00
	-80.00 -1174.00
	-29.00 -1181.00
part 17
number of vertices# 
10
vertices (x,y)#
	419.00 -1150.00
	466.00 -1089.00
	472.00 -1052.00
	143.00 -442.00
	17.00 -421.00
	-4.00 -547.00
	28.00 -799.00
	161.00 -1138.00
	204.00 -1192.00
	281.00 -1196.00
part 18
number of vertices# 
11
vertices (x,y)#
	1074.00 -1156.00
	1121.00 -1095.00
	1124.00 -884.00
	795.00 -274.00
	734.00 -277.00
	395.00 -410.00
	374.00 -536.00
	406.00 -788.00
	539.00 -1127.00
	571.00 -1160.00
	936.00 -1202.00
part 19
number of vertices# 
12
vertices (x,y)#
	539.00 -1127.00
	677.00 -1081.00
	1016.00 -948.00
	1063.00 -887.00
	1017.00 -749.00
	688.00 -139.00
	627.00 -92.00
	17.00 -421.00
	-4.00 -547.00
	28.00 -799.00
	161.00 -1138.00
	287.00 -1159.00
part 20
number of vertices# 
12
vertices (x,y)#
	161.00 -1138.00
	299.00 -1092.00
	909.00 -763.00
	956.00 -702.00
	627.00 -92.00
	-148.00 -58.00
	-202.00 -219.00
	-223.00 -345.00
	-191.00 -597.00
	-58.00 -936.00
	36.00 -1141.00
	116.00 -1152.00
part 21
number of vertices# 
11
vertices (x,y)#
	221.00 -1034.00
	255.00 -259.00
	161.00 -54.00
	0.00 0.00
	-97.00 -7.00
	-302.00 -101.00
	-313.00 -181.00
	-299.00 -226.00
	-224.00 -457.00
	105.00 -1067.00
	156.00 -1074.00
part 22
number of vertices# 
10
vertices (x,y)#
	472.00 -1052.00
	506.00 -277.00
	345.00 -223.00
	219.00 -202.00
	14.00 -296.00
	3.00 -376.00
	17.00 -421.00
	346.00 -1031.00
	389.00 -1085.00
	466.00 -1089.00
part 23
number of vertices# 
11
vertices (x,y)#
	1155.00 -320.00
	1158.00 -109.00
	997.00 -55.00
	936.00 -58.00
	597.00 -191.00
	392.00 -285.00
	381.00 -365.00
	395.00 -410.00
	724.00 -1020.00
	756.00 -1053.00
	1121.00 -1095.00
part 24
number of vertices# 
12
vertices (x,y)#
	724.00 -1020.00
	1063.00 -887.00
	1097.00 -112.00
	1051.00 26.00
	990.00 73.00
	829.00 127.00
	624.00 33.00
	14.00 -296.00
	3.00 -376.00
	17.00 -421.00
	346.00 -1031.00
	472.00 -1052.00
part 25
number of vertices# 
12
vertices (x,y)#
	346.00 -1031.00
	956.00 -702.00
	990.00 73.00
	829.00 127.00
	54.00 161.00
	-151.00 67.00
	-205.00 -94.00
	-216.00 -174.00
	-202.00 -219.00
	-108.00 -424.00
	221.00 -1034.00
	301.00 -1045.00
