Number of parts# 
 5
part 1
number of vertices# 
9
vertices (x,y)#
	-48.00 -393.00
	17.00 -353.00
	94.00 -205.00
	0.00 0.00
	-177.00 0.00
	-274.00 -7.00
	-349.00 -157.00
	-274.00 -388.00
	-223.00 -395.00
part 2
number of vertices# 
8
vertices (x,y)#
	262.00 -408.00
	339.00 -260.00
	345.00 -223.00
	219.00 -202.00
	42.00 -202.00
	-33.00 -352.00
	10.00 -406.00
	87.00 -410.00
part 3
number of vertices# 
9
vertices (x,y)#
	917.00 -414.00
	994.00 -266.00
	997.00 -55.00
	820.00 -55.00
	759.00 -58.00
	420.00 -191.00
	345.00 -341.00
	377.00 -374.00
	742.00 -416.00
part 4
number of vertices# 
10
vertices (x,y)#
	268.00 -371.00
	520.00 -339.00
	859.00 -206.00
	936.00 -58.00
	890.00 80.00
	829.00 127.00
	652.00 127.00
	42.00 -202.00
	-33.00 -352.00
	93.00 -373.00
part 5
number of vertices# 
10
vertices (x,y)#
	97.00 -364.00
	142.00 -350.00
	752.00 -21.00
	829.00 127.00
	54.00 161.00
	-123.00 161.00
	-198.00 11.00
	-252.00 -150.00
	-158.00 -355.00
	-78.00 -366.00
