Number of parts# 
 5
part 1
number of vertices# 
9
vertices (x,y)#
	388.00 -274.00
	395.00 -223.00
	393.00 -48.00
	353.00 17.00
	205.00 94.00
	-0.00 0.00
	-0.00 -177.00
	7.00 -274.00
	157.00 -349.00
part 2
number of vertices# 
8
vertices (x,y)#
	406.00 10.00
	410.00 87.00
	408.00 262.00
	260.00 339.00
	223.00 345.00
	202.00 219.00
	202.00 42.00
	352.00 -33.00
part 3
number of vertices# 
9
vertices (x,y)#
	374.00 377.00
	416.00 742.00
	414.00 917.00
	266.00 994.00
	55.00 997.00
	55.00 820.00
	58.00 759.00
	191.00 420.00
	341.00 345.00
part 4
number of vertices# 
10
vertices (x,y)#
	373.00 93.00
	371.00 268.00
	339.00 520.00
	206.00 859.00
	58.00 936.00
	-80.00 890.00
	-127.00 829.00
	-127.00 652.00
	202.00 42.00
	352.00 -33.00
part 5
number of vertices# 
10
vertices (x,y)#
	355.00 -158.00
	366.00 -78.00
	364.00 97.00
	350.00 142.00
	21.00 752.00
	-127.00 829.00
	-161.00 54.00
	-161.00 -123.00
	-11.00 -198.00
	150.00 -252.00
