Number of parts# 
 5
part 1
number of vertices# 
9
vertices (x,y)#
	247.00 -245.00
	245.00 -70.00
	170.00 161.00
	22.00 238.00
	-29.00 245.00
	-94.00 205.00
	-94.00 28.00
	-0.00 -177.00
	150.00 -252.00
part 2
number of vertices# 
8
vertices (x,y)#
	-71.00 125.00
	-114.00 179.00
	-262.00 256.00
	-339.00 260.00
	-345.00 223.00
	-345.00 46.00
	-195.00 -29.00
	-69.00 -50.00
part 3
number of vertices# 
9
vertices (x,y)#
	-786.00 -194.00
	-447.00 -61.00
	-449.00 114.00
	-481.00 147.00
	-629.00 224.00
	-994.00 266.00
	-997.00 55.00
	-997.00 -122.00
	-847.00 -197.00
part 4
number of vertices# 
10
vertices (x,y)#
	-69.00 -50.00
	-71.00 125.00
	-219.00 202.00
	-345.00 223.00
	-597.00 191.00
	-936.00 58.00
	-936.00 -119.00
	-890.00 -257.00
	-829.00 -304.00
	-679.00 -379.00
part 5
number of vertices# 
10
vertices (x,y)#
	150.00 -252.00
	148.00 -77.00
	54.00 128.00
	-94.00 205.00
	-174.00 216.00
	-219.00 202.00
	-829.00 -127.00
	-829.00 -304.00
	-679.00 -379.00
	96.00 -413.00
