Number of parts# 
 20
part 1
number of vertices# 
12
vertices (x,y)#
	2.00 -122.00
	242.00 -28.00
	205.00 91.00
	79.00 346.00
	-25.00 391.00
	-92.00 391.00
	-297.00 300.00
	-398.00 245.00
	-435.00 155.00
	-433.00 33.00
	-424.00 -151.00
	-414.00 -229.00
part 2
number of vertices# 
10
vertices (x,y)#
	-158.00 -325.00
	242.00 -115.00
	296.00 -83.00
	259.00 36.00
	205.00 91.00
	-211.00 -16.00
	-416.00 -107.00
	-414.00 -229.00
	-411.00 -361.00
	-398.00 -419.00
part 3
number of vertices# 
11
vertices (x,y)#
	-15.00 -577.00
	205.00 -231.00
	242.00 -115.00
	205.00 4.00
	-0.00 -87.00
	-400.00 -297.00
	-431.00 -368.00
	-451.00 -436.00
	-449.00 -558.00
	-446.00 -606.00
	-255.00 -671.00
part 4
number of vertices# 
7
vertices (x,y)#
	203.00 -580.00
	205.00 -231.00
	168.00 -112.00
	-37.00 -203.00
	-257.00 -549.00
	-255.00 -671.00
	-37.00 -674.00
part 5
number of vertices# 
13
vertices (x,y)#
	0.00 0.00
	205.00 91.00
	195.00 130.00
	69.00 385.00
	-35.00 430.00
	-488.00 448.00
	-555.00 448.00
	-656.00 393.00
	-693.00 303.00
	-684.00 119.00
	-674.00 41.00
	-654.00 -26.00
	-416.00 -107.00
part 6
number of vertices# 
11
vertices (x,y)#
	-195.00 -206.00
	205.00 4.00
	259.00 36.00
	249.00 75.00
	195.00 130.00
	-258.00 148.00
	-674.00 41.00
	-671.00 -91.00
	-658.00 -149.00
	-638.00 -216.00
	-400.00 -297.00
part 7
number of vertices# 
12
vertices (x,y)#
	-52.00 -458.00
	168.00 -112.00
	205.00 4.00
	195.00 43.00
	-258.00 61.00
	-658.00 -149.00
	-689.00 -220.00
	-709.00 -288.00
	-706.00 -336.00
	-686.00 -403.00
	-448.00 -484.00
	-257.00 -549.00
part 8
number of vertices# 
8
vertices (x,y)#
	166.00 -461.00
	168.00 -112.00
	158.00 -73.00
	-295.00 -55.00
	-515.00 -401.00
	-495.00 -468.00
	-257.00 -549.00
	-39.00 -552.00
part 9
number of vertices# 
12
vertices (x,y)#
	232.00 214.00
	289.00 243.00
	286.00 281.00
	160.00 536.00
	93.00 614.00
	-11.00 659.00
	-78.00 659.00
	-179.00 604.00
	-216.00 514.00
	-207.00 330.00
	-194.00 185.00
	-184.00 107.00
part 10
number of vertices# 
10
vertices (x,y)#
	-111.00 -54.00
	289.00 156.00
	343.00 188.00
	340.00 226.00
	273.00 304.00
	219.00 359.00
	-197.00 252.00
	-194.00 120.00
	-181.00 -25.00
	-168.00 -83.00
part 11
number of vertices# 
11
vertices (x,y)#
	32.00 -306.00
	252.00 40.00
	289.00 156.00
	286.00 194.00
	219.00 272.00
	-181.00 62.00
	-212.00 -9.00
	-232.00 -77.00
	-229.00 -125.00
	-216.00 -270.00
	-25.00 -335.00
part 12
number of vertices# 
7
vertices (x,y)#
	250.00 -309.00
	252.00 40.00
	249.00 78.00
	182.00 156.00
	-38.00 -190.00
	-25.00 -335.00
	193.00 -338.00
part 13
number of vertices# 
13
vertices (x,y)#
	195.00 130.00
	232.00 214.00
	219.00 359.00
	93.00 614.00
	30.00 691.00
	-74.00 736.00
	-141.00 736.00
	-242.00 681.00
	-656.00 393.00
	-693.00 303.00
	-684.00 119.00
	-674.00 41.00
	-221.00 23.00
part 14
number of vertices# 
11
vertices (x,y)#
	195.00 43.00
	249.00 75.00
	286.00 159.00
	273.00 304.00
	210.00 381.00
	156.00 436.00
	-260.00 329.00
	-674.00 41.00
	-671.00 -91.00
	-658.00 -149.00
	-205.00 -167.00
part 15
number of vertices# 
12
vertices (x,y)#
	158.00 -73.00
	195.00 11.00
	232.00 127.00
	219.00 272.00
	156.00 349.00
	-244.00 139.00
	-658.00 -149.00
	-689.00 -220.00
	-709.00 -288.00
	-706.00 -336.00
	-515.00 -401.00
	-62.00 -419.00
part 16
number of vertices# 
8
vertices (x,y)#
	193.00 -338.00
	195.00 11.00
	182.00 156.00
	119.00 233.00
	-295.00 -55.00
	-515.00 -401.00
	-62.00 -419.00
	156.00 -422.00
part 17
number of vertices# 
11
vertices (x,y)#
	-258.00 148.00
	156.00 436.00
	168.00 975.00
	42.00 1230.00
	-62.00 1275.00
	-323.00 1275.00
	-424.00 1220.00
	-461.00 1130.00
	-693.00 303.00
	-684.00 119.00
	-674.00 41.00
part 18
number of vertices# 
10
vertices (x,y)#
	-258.00 61.00
	-204.00 93.00
	210.00 381.00
	222.00 920.00
	168.00 975.00
	-26.00 975.00
	-442.00 868.00
	-674.00 41.00
	-671.00 -91.00
	-658.00 -149.00
part 19
number of vertices# 
11
vertices (x,y)#
	-101.00 -113.00
	119.00 233.00
	156.00 349.00
	168.00 888.00
	-26.00 888.00
	-426.00 678.00
	-457.00 607.00
	-477.00 539.00
	-709.00 -288.00
	-706.00 -336.00
	-515.00 -401.00
part 20
number of vertices# 
7
vertices (x,y)#
	117.00 -116.00
	129.00 423.00
	131.00 772.00
	-63.00 772.00
	-283.00 426.00
	-515.00 -401.00
	-297.00 -404.00
