Number of parts# 
 4
part 1
number of vertices# 
12
vertices (x,y)#
	405.00 -126.00
	450.00 -22.00
	450.00 45.00
	448.00 220.00
	393.00 321.00
	245.00 398.00
	155.00 435.00
	-29.00 426.00
	-107.00 416.00
	-107.00 239.00
	0.00 -177.00
	150.00 -252.00
part 2
number of vertices# 
10
vertices (x,y)#
	150.00 -252.00
	148.00 -77.00
	41.00 339.00
	-107.00 416.00
	-239.00 413.00
	-297.00 400.00
	-297.00 223.00
	-87.00 -177.00
	-55.00 -231.00
	95.00 -306.00
part 3
number of vertices# 
11
vertices (x,y)#
	61.00 -77.00
	-149.00 323.00
	-297.00 400.00
	-368.00 431.00
	-436.00 451.00
	-484.00 448.00
	-549.00 257.00
	-549.00 80.00
	-203.00 -140.00
	-53.00 -215.00
	63.00 -252.00
part 4
number of vertices# 
7
vertices (x,y)#
	-55.00 -40.00
	-401.00 180.00
	-549.00 257.00
	-552.00 39.00
	-552.00 -138.00
	-402.00 -213.00
	-53.00 -215.00
