Number of parts# 
 4
part 1
number of vertices# 
9
vertices (x,y)#
	7.00 -11.00
	9.00 -9.00
	9.00 12.00
	0.00 21.00
	-22.00 21.00
	-28.00 14.00
	-28.00 0.00
	-22.00 -7.00
	-15.00 -11.00
part 2
number of vertices# 
9
vertices (x,y)#
	13.00 -11.00
	21.00 -8.00
	21.00 21.00
	-1.00 21.00
	-11.00 12.00
	-17.00 5.00
	-17.00 -2.00
	-11.00 -9.00
	-9.00 -11.00
part 3
number of vertices# 
11
vertices (x,y)#
	11.00 -9.00
	21.00 0.00
	25.00 4.00
	25.00 25.00
	23.00 35.00
	-24.00 35.00
	-30.00 28.00
	-32.00 18.00
	-32.00 11.00
	-26.00 4.00
	-13.00 -9.00
part 4
number of vertices# 
8
vertices (x,y)#
	23.00 14.00
	25.00 26.00
	25.00 47.00
	-26.00 47.00
	-32.00 40.00
	-32.00 33.00
	-30.00 21.00
	-24.00 14.00
