Number of parts# 
 12
part 1
number of vertices# 
8
vertices (x,y)#
	10.00 3.00
	10.00 10.00
	3.00 14.00
	-1.00 13.00
	-7.00 11.00
	-9.00 9.00
	0.00 0.00
	8.00 -2.00
part 2
number of vertices# 
9
vertices (x,y)#
	0.00 0.00
	6.00 2.00
	6.00 9.00
	-1.00 13.00
	-7.00 15.00
	-14.00 13.00
	-16.00 11.00
	-18.00 7.00
	-9.00 -2.00
part 3
number of vertices# 
7
vertices (x,y)#
	-7.00 2.00
	-7.00 9.00
	-14.00 13.00
	-18.00 14.00
	-20.00 12.00
	-18.00 7.00
	-9.00 -2.00
part 4
number of vertices# 
8
vertices (x,y)#
	-3.00 7.00
	-1.00 12.00
	-3.00 14.00
	-7.00 13.00
	-13.00 11.00
	-21.00 8.00
	-21.00 0.00
	-13.00 -2.00
part 5
number of vertices# 
9
vertices (x,y)#
	-21.00 0.00
	-15.00 2.00
	-5.00 11.00
	-7.00 13.00
	-13.00 15.00
	-20.00 13.00
	-28.00 10.00
	-30.00 6.00
	-30.00 -2.00
part 6
number of vertices# 
7
vertices (x,y)#
	-20.00 7.00
	-18.00 11.00
	-20.00 13.00
	-24.00 14.00
	-32.00 11.00
	-32.00 3.00
	-30.00 -2.00
part 7
number of vertices# 
11
vertices (x,y)#
	10.00 -16.00
	12.00 -11.00
	14.00 -1.00
	1.00 12.00
	-1.00 12.00
	-5.00 11.00
	-11.00 9.00
	-21.00 0.00
	-25.00 -4.00
	-23.00 -14.00
	-15.00 -16.00
part 8
number of vertices# 
12
vertices (x,y)#
	-7.00 -16.00
	2.00 -14.00
	8.00 -12.00
	10.00 -2.00
	-3.00 11.00
	-9.00 13.00
	-11.00 13.00
	-18.00 11.00
	-28.00 2.00
	-32.00 -2.00
	-34.00 -6.00
	-32.00 -16.00
part 9
number of vertices# 
10
vertices (x,y)#
	-7.00 -16.00
	-5.00 -12.00
	-3.00 -2.00
	-16.00 11.00
	-20.00 12.00
	-22.00 12.00
	-32.00 3.00
	-36.00 -1.00
	-34.00 -11.00
	-32.00 -16.00
part 10
number of vertices# 
8
vertices (x,y)#
	12.00 -28.00
	14.00 -23.00
	12.00 -11.00
	-13.00 -11.00
	-17.00 -12.00
	-23.00 -14.00
	-25.00 -26.00
	-17.00 -28.00
part 11
number of vertices# 
9
vertices (x,y)#
	-5.00 -28.00
	4.00 -26.00
	10.00 -24.00
	8.00 -12.00
	2.00 -10.00
	-23.00 -10.00
	-30.00 -12.00
	-32.00 -16.00
	-34.00 -28.00
part 12
number of vertices# 
7
vertices (x,y)#
	-5.00 -28.00
	-3.00 -24.00
	-5.00 -12.00
	-9.00 -11.00
	-34.00 -11.00
	-36.00 -23.00
	-34.00 -28.00
