Number of parts# 
 4
part 1
number of vertices# 
9
vertices (x,y)#
	29.00 -32.00
	31.00 -30.00
	37.00 -23.00
	37.00 -16.00
	31.00 -9.00
	22.00 0.00
	0.00 0.00
	-0.00 -28.00
	7.00 -32.00
part 2
number of vertices# 
9
vertices (x,y)#
	35.00 -32.00
	43.00 -29.00
	49.00 -22.00
	49.00 -7.00
	43.00 0.00
	21.00 0.00
	11.00 -9.00
	11.00 -30.00
	13.00 -32.00
part 3
number of vertices# 
11
vertices (x,y)#
	33.00 -30.00
	43.00 -21.00
	47.00 -17.00
	53.00 -10.00
	53.00 -3.00
	51.00 7.00
	45.00 14.00
	-2.00 14.00
	-4.00 4.00
	-4.00 -17.00
	9.00 -30.00
part 4
number of vertices# 
8
vertices (x,y)#
	45.00 -7.00
	51.00 -0.00
	53.00 12.00
	53.00 19.00
	47.00 26.00
	-4.00 26.00
	-4.00 5.00
	-2.00 -7.00
