Number of parts# 
 12
part 1
number of vertices# 
8
vertices (x,y)#
	8.00 -2.00
	10.00 3.00
	3.00 3.00
	-1.00 2.00
	-7.00 0.00
	-11.00 -7.00
	-9.00 -9.00
	-1.00 -11.00
part 2
number of vertices# 
8
vertices (x,y)#
	8.00 -23.00
	10.00 -18.00
	1.00 -8.00
	-3.00 -9.00
	-9.00 -11.00
	-11.00 -13.00
	-8.00 -21.00
	-0.00 -23.00
part 3
number of vertices# 
11
vertices (x,y)#
	22.00 -25.00
	24.00 -20.00
	24.00 5.00
	14.00 7.00
	10.00 6.00
	4.00 4.00
	-9.00 -9.00
	-9.00 -11.00
	-0.00 -21.00
	4.00 -25.00
	12.00 -27.00
part 4
number of vertices# 
8
vertices (x,y)#
	36.00 -22.00
	36.00 7.00
	24.00 5.00
	20.00 4.00
	14.00 2.00
	14.00 -23.00
	22.00 -25.00
	34.00 -27.00
part 5
number of vertices# 
9
vertices (x,y)#
	-9.00 -9.00
	-3.00 -7.00
	6.00 2.00
	0.00 4.00
	-7.00 4.00
	-14.00 2.00
	-18.00 -5.00
	-20.00 -9.00
	-18.00 -11.00
part 6
number of vertices# 
9
vertices (x,y)#
	-9.00 -23.00
	-0.00 -21.00
	6.00 -19.00
	-3.00 -9.00
	-9.00 -7.00
	-16.00 -9.00
	-18.00 -11.00
	-20.00 -15.00
	-17.00 -23.00
part 7
number of vertices# 
12
vertices (x,y)#
	5.00 -25.00
	14.00 -23.00
	20.00 -21.00
	20.00 4.00
	14.00 6.00
	4.00 8.00
	-3.00 6.00
	-16.00 -7.00
	-18.00 -11.00
	-18.00 -13.00
	-9.00 -23.00
	-5.00 -27.00
part 8
number of vertices# 
9
vertices (x,y)#
	26.00 -25.00
	32.00 -23.00
	32.00 6.00
	26.00 8.00
	14.00 6.00
	7.00 4.00
	5.00 -0.00
	5.00 -25.00
	17.00 -27.00
part 9
number of vertices# 
7
vertices (x,y)#
	-9.00 -2.00
	-7.00 2.00
	-11.00 3.00
	-18.00 3.00
	-22.00 -4.00
	-20.00 -9.00
	-18.00 -11.00
part 10
number of vertices# 
7
vertices (x,y)#
	-9.00 -23.00
	-7.00 -19.00
	-16.00 -9.00
	-20.00 -8.00
	-22.00 -10.00
	-19.00 -18.00
	-17.00 -23.00
part 11
number of vertices# 
10
vertices (x,y)#
	5.00 -25.00
	7.00 -21.00
	7.00 4.00
	3.00 5.00
	-7.00 7.00
	-20.00 -6.00
	-20.00 -8.00
	-18.00 -13.00
	-9.00 -23.00
	-5.00 -27.00
part 12
number of vertices# 
7
vertices (x,y)#
	19.00 -23.00
	19.00 6.00
	15.00 7.00
	3.00 5.00
	3.00 -20.00
	5.00 -25.00
	17.00 -27.00
