Number of parts# 
 3
part 1
number of vertices# 
10
vertices (x,y)#
	3.00 -10.00
	3.00 11.00
	2.00 15.00
	0.00 21.00
	-22.00 21.00
	-28.00 14.00
	-30.00 6.00
	-30.00 -1.00
	-24.00 -8.00
	-19.00 -10.00
part 2
number of vertices# 
11
vertices (x,y)#
	2.00 -6.00
	4.00 0.00
	4.00 21.00
	2.00 28.00
	-2.00 30.00
	-24.00 30.00
	-30.00 23.00
	-30.00 16.00
	-28.00 7.00
	-26.00 1.00
	-20.00 -6.00
part 3
number of vertices# 
9
vertices (x,y)#
	2.00 7.00
	3.00 11.00
	3.00 32.00
	-19.00 32.00
	-24.00 30.00
	-30.00 23.00
	-30.00 16.00
	-24.00 9.00
	-20.00 7.00
