Number of parts# 
 4
part 1
number of vertices# 
9
vertices (x,y)#
	12.00 -9.00
	21.00 -0.00
	21.00 22.00
	14.00 28.00
	0.00 28.00
	-7.00 22.00
	-11.00 15.00
	-11.00 -7.00
	-9.00 -9.00
part 2
number of vertices# 
9
vertices (x,y)#
	21.00 -21.00
	21.00 1.00
	12.00 11.00
	5.00 17.00
	-2.00 17.00
	-9.00 11.00
	-11.00 9.00
	-11.00 -13.00
	-8.00 -21.00
part 3
number of vertices# 
11
vertices (x,y)#
	25.00 -25.00
	35.00 -23.00
	35.00 24.00
	28.00 30.00
	18.00 32.00
	11.00 32.00
	4.00 26.00
	-9.00 13.00
	-9.00 -11.00
	0.00 -21.00
	4.00 -25.00
part 4
number of vertices# 
8
vertices (x,y)#
	47.00 -25.00
	47.00 26.00
	40.00 32.00
	33.00 32.00
	21.00 30.00
	14.00 24.00
	14.00 -23.00
	26.00 -25.00
