Number of parts# 
 3
part 1
number of vertices# 
10
vertices (x,y)#
	30.00 -23.00
	36.00 -16.00
	38.00 -11.00
	38.00 -4.00
	32.00 3.00
	10.00 3.00
	6.00 2.00
	0.00 0.00
	-0.00 -21.00
	8.00 -23.00
part 2
number of vertices# 
11
vertices (x,y)#
	13.00 -23.00
	22.00 -21.00
	28.00 -19.00
	34.00 -12.00
	34.00 -5.00
	28.00 2.00
	22.00 4.00
	0.00 4.00
	-7.00 2.00
	-9.00 -2.00
	-9.00 -23.00
part 3
number of vertices# 
9
vertices (x,y)#
	13.00 -23.00
	19.00 -16.00
	21.00 -12.00
	21.00 -5.00
	15.00 2.00
	11.00 3.00
	-11.00 3.00
	-11.00 -18.00
	-9.00 -23.00
