Number of parts# 
 4
part 1
number of vertices# 
9
vertices (x,y)#
	-9.00 -9.00
	0.00 0.00
	0.00 21.00
	-29.00 21.00
	-35.00 14.00
	-39.00 7.00
	-39.00 0.00
	-33.00 -7.00
	-31.00 -9.00
part 2
number of vertices# 
9
vertices (x,y)#
	-0.00 -21.00
	-0.00 -0.00
	-9.00 10.00
	-31.00 10.00
	-33.00 8.00
	-39.00 1.00
	-39.00 -6.00
	-36.00 -14.00
	-30.00 -21.00
part 3
number of vertices# 
11
vertices (x,y)#
	4.00 -25.00
	14.00 -23.00
	14.00 23.00
	4.00 25.00
	-18.00 25.00
	-31.00 12.00
	-37.00 5.00
	-37.00 -4.00
	-31.00 -11.00
	-22.00 -21.00
	-18.00 -25.00
part 4
number of vertices# 
8
vertices (x,y)#
	26.00 -25.00
	26.00 25.00
	4.00 25.00
	-8.00 23.00
	-14.00 16.00
	-14.00 -16.00
	-8.00 -23.00
	4.00 -25.00
