Number of parts# 
 12
part 1
number of vertices# 
8
vertices (x,y)#
	15.00 -2.00
	19.00 5.00
	21.00 10.00
	19.00 12.00
	15.00 11.00
	9.00 9.00
	-0.00 -0.00
	8.00 -2.00
part 2
number of vertices# 
9
vertices (x,y)#
	-2.00 -2.00
	7.00 -0.00
	13.00 2.00
	17.00 9.00
	15.00 11.00
	9.00 13.00
	2.00 11.00
	-7.00 2.00
	-9.00 -2.00
part 3
number of vertices# 
7
vertices (x,y)#
	-2.00 -2.00
	2.00 5.00
	4.00 9.00
	2.00 11.00
	-2.00 12.00
	-11.00 3.00
	-9.00 -2.00
part 4
number of vertices# 
8
vertices (x,y)#
	19.00 11.00
	21.00 16.00
	18.00 24.00
	10.00 24.00
	6.00 23.00
	0.00 21.00
	9.00 11.00
	17.00 9.00
part 5
number of vertices# 
9
vertices (x,y)#
	9.00 11.00
	15.00 13.00
	17.00 15.00
	14.00 23.00
	8.00 25.00
	0.00 25.00
	-7.00 23.00
	-9.00 19.00
	0.00 9.00
part 6
number of vertices# 
7
vertices (x,y)#
	2.00 11.00
	4.00 15.00
	1.00 23.00
	-3.00 24.00
	-11.00 24.00
	-9.00 19.00
	0.00 9.00
part 7
number of vertices# 
11
vertices (x,y)#
	17.00 7.00
	19.00 12.00
	19.00 14.00
	10.00 24.00
	6.00 28.00
	-4.00 26.00
	-8.00 25.00
	-14.00 23.00
	-14.00 -2.00
	-6.00 -4.00
	4.00 -6.00
part 8
number of vertices# 
12
vertices (x,y)#
	-4.00 -4.00
	2.00 -2.00
	15.00 11.00
	15.00 13.00
	6.00 23.00
	2.00 27.00
	-4.00 29.00
	-14.00 27.00
	-21.00 25.00
	-23.00 21.00
	-23.00 -4.00
	-13.00 -6.00
part 9
number of vertices# 
10
vertices (x,y)#
	0.00 7.00
	2.00 11.00
	2.00 13.00
	-7.00 23.00
	-11.00 27.00
	-15.00 28.00
	-25.00 26.00
	-25.00 1.00
	-23.00 -4.00
	-13.00 -6.00
part 10
number of vertices# 
8
vertices (x,y)#
	-6.00 -4.00
	-4.00 1.00
	-4.00 26.00
	-16.00 28.00
	-20.00 27.00
	-26.00 25.00
	-26.00 -4.00
	-18.00 -6.00
part 11
number of vertices# 
9
vertices (x,y)#
	-23.00 -4.00
	-14.00 -2.00
	-8.00 0.00
	-8.00 25.00
	-14.00 27.00
	-26.00 29.00
	-33.00 27.00
	-35.00 23.00
	-35.00 -6.00
part 12
number of vertices# 
7
vertices (x,y)#
	-23.00 -4.00
	-21.00 0.00
	-21.00 25.00
	-25.00 26.00
	-37.00 28.00
	-37.00 -1.00
	-35.00 -6.00
