Number of parts# 
 3
part 1
number of vertices# 
10
vertices (x,y)#
	8.00 -2.00
	10.00 3.00
	10.00 24.00
	-12.00 24.00
	-16.00 23.00
	-22.00 21.00
	-28.00 14.00
	-28.00 7.00
	-22.00 0.00
	-14.00 -2.00
part 2
number of vertices# 
11
vertices (x,y)#
	-9.00 -2.00
	0.00 0.00
	6.00 2.00
	6.00 23.00
	0.00 25.00
	-22.00 25.00
	-29.00 23.00
	-35.00 16.00
	-37.00 12.00
	-37.00 5.00
	-31.00 -2.00
part 3
number of vertices# 
9
vertices (x,y)#
	-9.00 -2.00
	-7.00 2.00
	-7.00 23.00
	-11.00 24.00
	-33.00 24.00
	-39.00 17.00
	-39.00 10.00
	-37.00 5.00
	-31.00 -2.00
