Number of parts# 
 12
part 1
number of vertices# 
8
vertices (x,y)#
	3.00 -10.00
	2.00 -6.00
	0.00 -0.00
	-7.00 -0.00
	-11.00 -7.00
	-13.00 -15.00
	-11.00 -17.00
	-6.00 -19.00
part 2
number of vertices# 
8
vertices (x,y)#
	3.00 -31.00
	2.00 -27.00
	-0.00 -21.00
	-9.00 -11.00
	-11.00 -13.00
	-13.00 -21.00
	-10.00 -29.00
	-5.00 -31.00
part 3
number of vertices# 
11
vertices (x,y)#
	17.00 -33.00
	17.00 -8.00
	16.00 -4.00
	14.00 2.00
	4.00 4.00
	-9.00 -9.00
	-11.00 -17.00
	-11.00 -19.00
	-2.00 -29.00
	2.00 -33.00
	7.00 -35.00
part 4
number of vertices# 
8
vertices (x,y)#
	29.00 -6.00
	28.00 -2.00
	26.00 4.00
	14.00 2.00
	12.00 -6.00
	12.00 -31.00
	17.00 -33.00
	29.00 -35.00
part 5
number of vertices# 
9
vertices (x,y)#
	2.00 -6.00
	4.00 0.00
	2.00 7.00
	-2.00 9.00
	-9.00 9.00
	-13.00 2.00
	-11.00 -7.00
	-9.00 -13.00
	-7.00 -15.00
part 6
number of vertices# 
9
vertices (x,y)#
	2.00 -27.00
	4.00 -21.00
	2.00 -14.00
	-7.00 -4.00
	-11.00 -2.00
	-13.00 -4.00
	-11.00 -13.00
	-9.00 -19.00
	-6.00 -27.00
part 7
number of vertices# 
12
vertices (x,y)#
	16.00 -29.00
	18.00 -23.00
	18.00 2.00
	16.00 9.00
	12.00 11.00
	2.00 13.00
	-11.00 0.00
	-11.00 -2.00
	-9.00 -11.00
	-7.00 -17.00
	2.00 -27.00
	6.00 -31.00
part 8
number of vertices# 
9
vertices (x,y)#
	30.00 -25.00
	30.00 4.00
	28.00 11.00
	24.00 13.00
	12.00 11.00
	12.00 -14.00
	14.00 -23.00
	16.00 -29.00
	28.00 -31.00
part 9
number of vertices# 
7
vertices (x,y)#
	2.00 7.00
	3.00 11.00
	-4.00 11.00
	-9.00 9.00
	-13.00 2.00
	-11.00 0.00
	-7.00 -2.00
part 10
number of vertices# 
7
vertices (x,y)#
	2.00 -14.00
	3.00 -10.00
	-6.00 0.00
	-11.00 -2.00
	-13.00 -4.00
	-10.00 -12.00
	-6.00 -14.00
part 11
number of vertices# 
10
vertices (x,y)#
	16.00 -16.00
	17.00 -12.00
	17.00 13.00
	7.00 15.00
	2.00 13.00
	-11.00 0.00
	-11.00 -2.00
	-2.00 -12.00
	2.00 -16.00
	6.00 -18.00
part 12
number of vertices# 
7
vertices (x,y)#
	29.00 -14.00
	29.00 15.00
	17.00 13.00
	12.00 11.00
	12.00 -14.00
	16.00 -16.00
	28.00 -18.00
