Number of parts# 
 3
part 1
number of vertices# 
10
vertices (x,y)#
	29.00 -2.00
	31.00 3.00
	31.00 25.00
	24.00 31.00
	17.00 31.00
	13.00 30.00
	7.00 28.00
	0.00 22.00
	-0.00 -0.00
	8.00 -2.00
part 2
number of vertices# 
11
vertices (x,y)#
	12.00 -2.00
	21.00 -0.00
	27.00 2.00
	27.00 24.00
	20.00 30.00
	14.00 32.00
	7.00 32.00
	0.00 30.00
	-7.00 24.00
	-9.00 20.00
	-9.00 -2.00
part 3
number of vertices# 
9
vertices (x,y)#
	12.00 -2.00
	14.00 2.00
	14.00 24.00
	7.00 30.00
	3.00 31.00
	-4.00 31.00
	-11.00 25.00
	-11.00 3.00
	-9.00 -2.00
