Number of parts# 
 16
part 1
number of vertices# 
7
vertices (x,y)#
	0.00 0.00
	0.00 7.00
	-7.00 11.00
	-14.00 11.00
	-16.00 9.00
	-20.00 2.00
	-9.00 -9.00
part 2
number of vertices# 
8
vertices (x,y)#
	-20.00 0.00
	-11.00 9.00
	-13.00 11.00
	-20.00 11.00
	-28.00 8.00
	-32.00 1.00
	-32.00 -7.00
	-30.00 -9.00
part 3
number of vertices# 
10
vertices (x,y)#
	-7.00 -23.00
	2.00 -14.00
	4.00 -4.00
	-9.00 9.00
	-18.00 9.00
	-28.00 0.00
	-32.00 -4.00
	-36.00 -11.00
	-34.00 -21.00
	-32.00 -23.00
part 4
number of vertices# 
7
vertices (x,y)#
	-5.00 -35.00
	4.00 -26.00
	2.00 -14.00
	-30.00 -14.00
	-34.00 -21.00
	-36.00 -33.00
	-34.00 -35.00
part 5
number of vertices# 
7
vertices (x,y)#
	-0.00 -21.00
	-0.00 -14.00
	-9.00 -4.00
	-16.00 0.00
	-20.00 -4.00
	-17.00 -12.00
	-8.00 -21.00
part 6
number of vertices# 
8
vertices (x,y)#
	-21.00 -21.00
	-11.00 -12.00
	-20.00 -2.00
	-22.00 0.00
	-30.00 -3.00
	-32.00 -5.00
	-32.00 -13.00
	-29.00 -21.00
part 7
number of vertices# 
9
vertices (x,y)#
	2.00 -35.00
	4.00 -25.00
	-5.00 -15.00
	-18.00 -2.00
	-20.00 -2.00
	-30.00 -11.00
	-36.00 -17.00
	-34.00 -27.00
	-31.00 -35.00
part 8
number of vertices# 
7
vertices (x,y)#
	4.00 -47.00
	2.00 -35.00
	-7.00 -25.00
	-32.00 -25.00
	-34.00 -27.00
	-36.00 -39.00
	-33.00 -47.00
part 9
number of vertices# 
8
vertices (x,y)#
	14.00 -23.00
	14.00 9.00
	7.00 13.00
	-3.00 15.00
	-18.00 0.00
	-18.00 -2.00
	-9.00 -12.00
	4.00 -25.00
part 10
number of vertices# 
10
vertices (x,y)#
	-7.00 -23.00
	3.00 -14.00
	3.00 11.00
	1.00 13.00
	-9.00 15.00
	-17.00 12.00
	-30.00 -1.00
	-30.00 -11.00
	-21.00 -21.00
	-17.00 -25.00
part 11
number of vertices# 
13
vertices (x,y)#
	6.00 -39.00
	16.00 -37.00
	18.00 -27.00
	18.00 -2.00
	5.00 11.00
	-5.00 13.00
	-7.00 13.00
	-17.00 4.00
	-34.00 -13.00
	-34.00 -15.00
	-32.00 -25.00
	-23.00 -35.00
	-19.00 -39.00
part 12
number of vertices# 
11
vertices (x,y)#
	8.00 -51.00
	18.00 -49.00
	18.00 -24.00
	16.00 -12.00
	6.00 -10.00
	-19.00 -10.00
	-32.00 -23.00
	-34.00 -35.00
	-34.00 -37.00
	-25.00 -47.00
	-21.00 -51.00
part 13
number of vertices# 
7
vertices (x,y)#
	26.00 11.00
	19.00 15.00
	7.00 13.00
	5.00 11.00
	5.00 -14.00
	14.00 -23.00
	26.00 -25.00
part 14
number of vertices# 
7
vertices (x,y)#
	15.00 -16.00
	15.00 13.00
	13.00 15.00
	1.00 13.00
	-7.00 10.00
	-7.00 -23.00
	5.00 -25.00
part 15
number of vertices# 
11
vertices (x,y)#
	28.00 -39.00
	30.00 -29.00
	30.00 0.00
	17.00 13.00
	15.00 13.00
	3.00 11.00
	-7.00 2.00
	-11.00 -2.00
	-11.00 -27.00
	-9.00 -37.00
	3.00 -39.00
part 16
number of vertices# 
8
vertices (x,y)#
	30.00 -51.00
	30.00 -22.00
	28.00 -10.00
	3.00 -10.00
	-9.00 -12.00
	-11.00 -24.00
	-11.00 -49.00
	1.00 -51.00
