Number of parts# 
 12
part 1
number of vertices# 
8
vertices (x,y)#
	10.00 -10.00
	14.00 -3.00
	13.00 1.00
	11.00 7.00
	9.00 9.00
	0.00 0.00
	-2.00 -8.00
	3.00 -10.00
part 2
number of vertices# 
8
vertices (x,y)#
	14.00 3.00
	13.00 7.00
	11.00 13.00
	8.00 21.00
	0.00 21.00
	-2.00 13.00
	7.00 3.00
	12.00 1.00
part 3
number of vertices# 
11
vertices (x,y)#
	12.00 -1.00
	12.00 1.00
	11.00 5.00
	9.00 11.00
	0.00 21.00
	-4.00 25.00
	-14.00 23.00
	-16.00 15.00
	-16.00 -10.00
	-11.00 -12.00
	-1.00 -14.00
part 4
number of vertices# 
8
vertices (x,y)#
	-11.00 -12.00
	-11.00 13.00
	-12.00 17.00
	-14.00 23.00
	-26.00 25.00
	-28.00 17.00
	-28.00 -12.00
	-23.00 -14.00
part 5
number of vertices# 
9
vertices (x,y)#
	9.00 -6.00
	13.00 1.00
	15.00 7.00
	13.00 14.00
	11.00 16.00
	7.00 18.00
	-2.00 9.00
	0.00 0.00
	2.00 -6.00
part 6
number of vertices# 
9
vertices (x,y)#
	13.00 7.00
	15.00 13.00
	13.00 20.00
	10.00 28.00
	6.00 30.00
	-2.00 30.00
	0.00 21.00
	2.00 15.00
	11.00 5.00
part 7
number of vertices# 
12
vertices (x,y)#
	11.00 3.00
	13.00 9.00
	13.00 11.00
	11.00 18.00
	2.00 28.00
	-2.00 32.00
	-6.00 34.00
	-16.00 32.00
	-16.00 7.00
	-14.00 -2.00
	-12.00 -8.00
	-2.00 -10.00
part 8
number of vertices# 
9
vertices (x,y)#
	-12.00 -8.00
	-10.00 -2.00
	-10.00 23.00
	-12.00 30.00
	-16.00 32.00
	-28.00 34.00
	-28.00 5.00
	-26.00 -4.00
	-24.00 -10.00
part 9
number of vertices# 
7
vertices (x,y)#
	9.00 7.00
	13.00 14.00
	14.00 18.00
	12.00 20.00
	7.00 18.00
	-2.00 9.00
	2.00 7.00
part 10
number of vertices# 
7
vertices (x,y)#
	13.00 20.00
	14.00 24.00
	11.00 32.00
	3.00 32.00
	-2.00 30.00
	7.00 20.00
	11.00 18.00
part 11
number of vertices# 
10
vertices (x,y)#
	11.00 16.00
	12.00 20.00
	12.00 22.00
	3.00 32.00
	-1.00 36.00
	-11.00 34.00
	-16.00 32.00
	-16.00 7.00
	-12.00 5.00
	-2.00 3.00
part 12
number of vertices# 
7
vertices (x,y)#
	-12.00 5.00
	-11.00 9.00
	-11.00 34.00
	-23.00 36.00
	-28.00 34.00
	-28.00 5.00
	-24.00 3.00
