Number of parts# 
 16
part 1
number of vertices# 
7
vertices (x,y)#
	9.00 -9.00
	0.00 0.00
	-7.00 0.00
	-11.00 -7.00
	-11.00 -14.00
	-9.00 -16.00
	-2.00 -20.00
part 2
number of vertices# 
7
vertices (x,y)#
	12.00 -17.00
	21.00 -8.00
	21.00 0.00
	14.00 0.00
	4.00 -9.00
	0.00 -16.00
	4.00 -20.00
part 3
number of vertices# 
8
vertices (x,y)#
	2.00 -18.00
	12.00 -9.00
	25.00 4.00
	23.00 14.00
	-9.00 14.00
	-13.00 7.00
	-15.00 -3.00
	0.00 -18.00
part 4
number of vertices# 
7
vertices (x,y)#
	14.00 5.00
	23.00 14.00
	25.00 26.00
	-11.00 26.00
	-15.00 19.00
	-13.00 7.00
	-11.00 5.00
part 5
number of vertices# 
8
vertices (x,y)#
	7.00 -32.00
	9.00 -30.00
	-0.00 -20.00
	-9.00 -11.00
	-11.00 -13.00
	-11.00 -20.00
	-8.00 -28.00
	-1.00 -32.00
part 6
number of vertices# 
8
vertices (x,y)#
	13.00 -32.00
	21.00 -29.00
	21.00 -21.00
	12.00 -11.00
	2.00 -20.00
	0.00 -22.00
	3.00 -30.00
	5.00 -32.00
part 7
number of vertices# 
10
vertices (x,y)#
	11.00 -30.00
	21.00 -21.00
	25.00 -17.00
	23.00 -7.00
	14.00 3.00
	-11.00 3.00
	-13.00 1.00
	-15.00 -9.00
	-12.00 -17.00
	1.00 -30.00
part 8
number of vertices# 
7
vertices (x,y)#
	23.00 -7.00
	25.00 5.00
	16.00 15.00
	-13.00 15.00
	-15.00 13.00
	-13.00 1.00
	-10.00 -7.00
part 9
number of vertices# 
10
vertices (x,y)#
	21.00 -34.00
	23.00 -32.00
	23.00 -7.00
	14.00 2.00
	4.00 4.00
	-9.00 -9.00
	-9.00 -18.00
	0.00 -28.00
	4.00 -32.00
	11.00 -36.00
part 10
number of vertices# 
9
vertices (x,y)#
	27.00 -34.00
	35.00 -31.00
	35.00 2.00
	25.00 4.00
	15.00 -5.00
	2.00 -18.00
	2.00 -20.00
	11.00 -30.00
	17.00 -36.00
part 11
number of vertices# 
13
vertices (x,y)#
	15.00 -34.00
	25.00 -32.00
	35.00 -23.00
	39.00 -19.00
	39.00 6.00
	37.00 16.00
	27.00 18.00
	2.00 18.00
	-11.00 5.00
	-13.00 -5.00
	-13.00 -7.00
	-4.00 -17.00
	13.00 -34.00
part 12
number of vertices# 
11
vertices (x,y)#
	27.00 -11.00
	37.00 -9.00
	39.00 3.00
	39.00 28.00
	29.00 30.00
	0.00 30.00
	-13.00 17.00
	-13.00 15.00
	-11.00 3.00
	-2.00 -7.00
	2.00 -11.00
part 13
number of vertices# 
7
vertices (x,y)#
	35.00 -34.00
	35.00 -5.00
	26.00 4.00
	14.00 2.00
	14.00 -30.00
	21.00 -34.00
	33.00 -36.00
part 14
number of vertices# 
7
vertices (x,y)#
	47.00 -33.00
	47.00 4.00
	35.00 2.00
	25.00 -7.00
	25.00 -32.00
	27.00 -34.00
	39.00 -36.00
part 15
number of vertices# 
11
vertices (x,y)#
	37.00 -34.00
	47.00 -25.00
	51.00 -21.00
	51.00 8.00
	49.00 18.00
	24.00 18.00
	12.00 16.00
	10.00 6.00
	10.00 -19.00
	23.00 -32.00
	35.00 -34.00
part 16
number of vertices# 
8
vertices (x,y)#
	49.00 -11.00
	51.00 1.00
	51.00 30.00
	22.00 30.00
	10.00 28.00
	10.00 3.00
	12.00 -9.00
	24.00 -11.00
