Number of parts# 
 3
part 1
number of vertices# 
10
vertices (x,y)#
	1.00 -30.00
	8.00 -24.00
	10.00 -19.00
	10.00 3.00
	-11.00 3.00
	-15.00 2.00
	-21.00 0.00
	-21.00 -22.00
	-14.00 -28.00
	-6.00 -30.00
part 2
number of vertices# 
11
vertices (x,y)#
	-16.00 -30.00
	-7.00 -28.00
	-1.00 -26.00
	6.00 -20.00
	6.00 2.00
	0.00 4.00
	-21.00 4.00
	-28.00 2.00
	-30.00 -2.00
	-30.00 -24.00
	-23.00 -30.00
part 3
number of vertices# 
9
vertices (x,y)#
	-16.00 -30.00
	-9.00 -24.00
	-7.00 -20.00
	-7.00 2.00
	-11.00 3.00
	-32.00 3.00
	-32.00 -19.00
	-30.00 -24.00
	-23.00 -30.00
