Number of parts# 
 12
part 1
number of vertices# 
8
vertices (x,y)#
	2.00 8.00
	2.00 15.00
	-5.00 19.00
	-10.00 21.00
	-12.00 19.00
	-11.00 15.00
	-9.00 9.00
	0.00 -0.00
part 2
number of vertices# 
8
vertices (x,y)#
	-11.00 9.00
	-9.00 17.00
	-11.00 19.00
	-16.00 21.00
	-24.00 18.00
	-24.00 10.00
	-23.00 6.00
	-21.00 0.00
part 3
number of vertices# 
11
vertices (x,y)#
	2.00 -14.00
	4.00 -6.00
	6.00 4.00
	-7.00 17.00
	-12.00 19.00
	-14.00 19.00
	-24.00 10.00
	-28.00 6.00
	-26.00 -4.00
	-25.00 -8.00
	-23.00 -14.00
part 4
number of vertices# 
8
vertices (x,y)#
	4.00 -26.00
	6.00 -18.00
	4.00 -6.00
	-1.00 -4.00
	-26.00 -4.00
	-28.00 -16.00
	-27.00 -20.00
	-25.00 -26.00
part 5
number of vertices# 
9
vertices (x,y)#
	2.00 -2.00
	0.00 7.00
	-2.00 13.00
	-9.00 17.00
	-11.00 15.00
	-13.00 9.00
	-11.00 2.00
	-2.00 -7.00
	2.00 -9.00
part 6
number of vertices# 
9
vertices (x,y)#
	-9.00 0.00
	-11.00 9.00
	-13.00 15.00
	-15.00 17.00
	-23.00 14.00
	-25.00 8.00
	-25.00 0.00
	-23.00 -7.00
	-19.00 -9.00
part 7
number of vertices# 
12
vertices (x,y)#
	4.00 -23.00
	6.00 -13.00
	4.00 -4.00
	2.00 2.00
	-11.00 15.00
	-13.00 15.00
	-23.00 6.00
	-27.00 2.00
	-29.00 -4.00
	-27.00 -14.00
	-25.00 -21.00
	-21.00 -23.00
part 8
number of vertices# 
9
vertices (x,y)#
	6.00 -35.00
	4.00 -23.00
	2.00 -14.00
	-0.00 -8.00
	-25.00 -8.00
	-27.00 -14.00
	-29.00 -26.00
	-27.00 -33.00
	-23.00 -35.00
part 9
number of vertices# 
7
vertices (x,y)#
	2.00 -9.00
	2.00 -2.00
	-5.00 2.00
	-9.00 4.00
	-11.00 2.00
	-12.00 -2.00
	-3.00 -11.00
part 10
number of vertices# 
7
vertices (x,y)#
	-19.00 -9.00
	-9.00 0.00
	-11.00 2.00
	-15.00 4.00
	-23.00 1.00
	-24.00 -3.00
	-24.00 -11.00
part 11
number of vertices# 
10
vertices (x,y)#
	-1.00 -25.00
	4.00 -23.00
	6.00 -13.00
	-7.00 0.00
	-11.00 2.00
	-13.00 2.00
	-23.00 -7.00
	-27.00 -11.00
	-28.00 -15.00
	-26.00 -25.00
part 12
number of vertices# 
7
vertices (x,y)#
	1.00 -37.00
	6.00 -35.00
	4.00 -23.00
	-0.00 -21.00
	-25.00 -21.00
	-26.00 -25.00
	-28.00 -37.00
