Number of parts# 
 12
part 1
number of vertices# 
8
vertices (x,y)#
	-6.00 -2.00
	0.00 0.00
	0.00 7.00
	-7.00 11.00
	-15.00 13.00
	-17.00 11.00
	-19.00 6.00
	-10.00 -3.00
part 2
number of vertices# 
9
vertices (x,y)#
	7.00 -2.00
	9.00 2.00
	9.00 9.00
	2.00 13.00
	-7.00 11.00
	-13.00 9.00
	-15.00 7.00
	-6.00 -2.00
	0.00 -4.00
part 3
number of vertices# 
7
vertices (x,y)#
	11.00 4.00
	9.00 9.00
	2.00 13.00
	0.00 11.00
	-2.00 7.00
	7.00 -2.00
	11.00 -3.00
part 4
number of vertices# 
8
vertices (x,y)#
	-27.00 -2.00
	-21.00 0.00
	-11.00 9.00
	-13.00 11.00
	-21.00 13.00
	-29.00 10.00
	-31.00 5.00
	-31.00 -3.00
part 5
number of vertices# 
9
vertices (x,y)#
	-14.00 -2.00
	-4.00 7.00
	-2.00 11.00
	-4.00 13.00
	-13.00 11.00
	-19.00 9.00
	-27.00 6.00
	-27.00 -2.00
	-21.00 -4.00
part 6
number of vertices# 
7
vertices (x,y)#
	0.00 6.00
	-2.00 11.00
	-4.00 13.00
	-12.00 10.00
	-14.00 6.00
	-14.00 -2.00
	-10.00 -3.00
part 7
number of vertices# 
11
vertices (x,y)#
	-8.00 -17.00
	-4.00 -16.00
	2.00 -14.00
	4.00 -4.00
	-9.00 9.00
	-17.00 11.00
	-19.00 11.00
	-29.00 2.00
	-33.00 -2.00
	-35.00 -7.00
	-33.00 -17.00
part 8
number of vertices# 
12
vertices (x,y)#
	2.00 -18.00
	9.00 -16.00
	11.00 -12.00
	13.00 -2.00
	0.00 11.00
	-2.00 11.00
	-11.00 9.00
	-17.00 7.00
	-27.00 -2.00
	-31.00 -6.00
	-29.00 -16.00
	-23.00 -18.00
part 9
number of vertices# 
10
vertices (x,y)#
	13.00 -17.00
	15.00 -7.00
	13.00 -2.00
	0.00 11.00
	-2.00 11.00
	-12.00 2.00
	-16.00 -2.00
	-18.00 -6.00
	-16.00 -16.00
	-12.00 -17.00
part 10
number of vertices# 
8
vertices (x,y)#
	-6.00 -29.00
	-2.00 -28.00
	4.00 -26.00
	2.00 -14.00
	-6.00 -12.00
	-31.00 -12.00
	-33.00 -17.00
	-35.00 -29.00
part 11
number of vertices# 
9
vertices (x,y)#
	4.00 -30.00
	11.00 -28.00
	13.00 -24.00
	11.00 -12.00
	-14.00 -12.00
	-23.00 -14.00
	-29.00 -16.00
	-31.00 -28.00
	-25.00 -30.00
part 12
number of vertices# 
7
vertices (x,y)#
	15.00 -29.00
	13.00 -17.00
	11.00 -12.00
	-14.00 -12.00
	-16.00 -16.00
	-18.00 -28.00
	-14.00 -29.00
