Number of parts# 
 4
part 1
number of vertices# 
9
vertices (x,y)#
	28.00 -11.00
	30.00 -9.00
	30.00 13.00
	21.00 22.00
	14.00 28.00
	7.00 28.00
	0.00 22.00
	0.00 -7.00
	7.00 -11.00
part 2
number of vertices# 
9
vertices (x,y)#
	34.00 -11.00
	42.00 -8.00
	42.00 22.00
	35.00 28.00
	28.00 28.00
	21.00 22.00
	11.00 13.00
	11.00 -9.00
	13.00 -11.00
part 3
number of vertices# 
11
vertices (x,y)#
	32.00 -9.00
	42.00 -0.00
	46.00 4.00
	46.00 26.00
	44.00 36.00
	37.00 42.00
	5.00 42.00
	-2.00 36.00
	-4.00 26.00
	-4.00 4.00
	9.00 -9.00
part 4
number of vertices# 
8
vertices (x,y)#
	44.00 14.00
	46.00 26.00
	46.00 48.00
	39.00 54.00
	3.00 54.00
	-4.00 48.00
	-4.00 26.00
	-2.00 14.00
