Number of parts# 
 3
part 1
number of vertices# 
10
vertices (x,y)#
	-4.00 -38.00
	3.00 -32.00
	3.00 -10.00
	2.00 -6.00
	0.00 0.00
	-21.00 0.00
	-23.00 -8.00
	-23.00 -30.00
	-16.00 -36.00
	-11.00 -38.00
part 2
number of vertices# 
11
vertices (x,y)#
	-5.00 -34.00
	2.00 -28.00
	4.00 -22.00
	4.00 0.00
	2.00 7.00
	-2.00 9.00
	-23.00 9.00
	-23.00 -13.00
	-21.00 -22.00
	-19.00 -28.00
	-12.00 -34.00
part 3
number of vertices# 
9
vertices (x,y)#
	-5.00 -21.00
	2.00 -15.00
	3.00 -11.00
	3.00 11.00
	-18.00 11.00
	-23.00 9.00
	-23.00 -13.00
	-16.00 -19.00
	-12.00 -21.00
