Number of parts# 
 3
part 1
number of vertices# 
10
vertices (x,y)#
	-7.00 -28.00
	-0.00 -22.00
	2.00 -14.00
	2.00 8.00
	-3.00 10.00
	-24.00 10.00
	-24.00 -12.00
	-23.00 -16.00
	-21.00 -22.00
	-14.00 -28.00
part 2
number of vertices# 
11
vertices (x,y)#
	-5.00 -37.00
	2.00 -31.00
	2.00 -9.00
	-0.00 0.00
	-2.00 6.00
	-23.00 6.00
	-25.00 0.00
	-25.00 -22.00
	-23.00 -29.00
	-16.00 -35.00
	-12.00 -37.00
part 3
number of vertices# 
9
vertices (x,y)#
	-10.00 -39.00
	-5.00 -37.00
	2.00 -31.00
	2.00 -9.00
	-2.00 -7.00
	-23.00 -7.00
	-24.00 -11.00
	-24.00 -33.00
	-17.00 -39.00
