Number of parts# 
 12
part 1
number of vertices# 
8
vertices (x,y)#
	3.00 -3.00
	2.00 1.00
	0.00 7.00
	-7.00 11.00
	-9.00 9.00
	-11.00 1.00
	-2.00 -8.00
	3.00 -10.00
part 2
number of vertices# 
8
vertices (x,y)#
	-8.00 -1.00
	-9.00 3.00
	-11.00 9.00
	-13.00 11.00
	-21.00 8.00
	-23.00 0.00
	-23.00 -8.00
	-18.00 -10.00
part 3
number of vertices# 
11
vertices (x,y)#
	5.00 -24.00
	7.00 -14.00
	6.00 -10.00
	4.00 -4.00
	-9.00 9.00
	-11.00 9.00
	-21.00 0.00
	-25.00 -4.00
	-27.00 -12.00
	-25.00 -22.00
	-20.00 -24.00
part 4
number of vertices# 
8
vertices (x,y)#
	7.00 -36.00
	5.00 -24.00
	4.00 -20.00
	2.00 -14.00
	-23.00 -14.00
	-25.00 -22.00
	-27.00 -34.00
	-22.00 -36.00
part 5
number of vertices# 
9
vertices (x,y)#
	4.00 0.00
	4.00 7.00
	2.00 14.00
	-5.00 18.00
	-9.00 20.00
	-11.00 18.00
	-9.00 9.00
	-7.00 3.00
	2.00 -6.00
part 6
number of vertices# 
9
vertices (x,y)#
	-9.00 3.00
	-7.00 9.00
	-9.00 16.00
	-11.00 18.00
	-15.00 20.00
	-23.00 17.00
	-23.00 9.00
	-21.00 0.00
	-19.00 -6.00
part 7
number of vertices# 
12
vertices (x,y)#
	4.00 -20.00
	6.00 -14.00
	8.00 -4.00
	6.00 3.00
	-7.00 16.00
	-11.00 18.00
	-13.00 18.00
	-23.00 9.00
	-27.00 5.00
	-25.00 -5.00
	-23.00 -14.00
	-21.00 -20.00
part 8
number of vertices# 
9
vertices (x,y)#
	6.00 -32.00
	8.00 -26.00
	6.00 -14.00
	4.00 -7.00
	0.00 -5.00
	-25.00 -5.00
	-27.00 -17.00
	-25.00 -26.00
	-23.00 -32.00
part 9
number of vertices# 
7
vertices (x,y)#
	3.00 11.00
	3.00 18.00
	-4.00 22.00
	-9.00 20.00
	-11.00 18.00
	-2.00 9.00
	2.00 7.00
part 10
number of vertices# 
7
vertices (x,y)#
	-9.00 16.00
	-8.00 20.00
	-10.00 22.00
	-18.00 19.00
	-23.00 17.00
	-23.00 9.00
	-19.00 7.00
part 11
number of vertices# 
10
vertices (x,y)#
	4.00 -7.00
	5.00 -3.00
	7.00 7.00
	-6.00 20.00
	-8.00 20.00
	-13.00 18.00
	-23.00 9.00
	-27.00 5.00
	-25.00 -5.00
	-21.00 -7.00
part 12
number of vertices# 
7
vertices (x,y)#
	6.00 -19.00
	7.00 -15.00
	5.00 -3.00
	-20.00 -3.00
	-25.00 -5.00
	-27.00 -17.00
	-23.00 -19.00
