Number of parts# 
 5
part 1
number of vertices# 
10
vertices (x,y)#
	2732.00 456.00
	2998.00 1006.00
	2998.00 1366.00
	2576.00 2016.00
	2395.00 2149.00
	634.00 1976.00
	-0.00 1314.00
	-0.00 0.00
	1761.00 -173.00
	2310.00 -194.00
part 2
number of vertices# 
10
vertices (x,y)#
	2576.00 1082.00
	2998.00 1732.00
	2998.00 2092.00
	2732.00 2642.00
	2310.00 3292.00
	1761.00 3271.00
	0.00 3098.00
	0.00 1784.00
	634.00 1122.00
	2395.00 949.00
part 3
number of vertices# 
8
vertices (x,y)#
	2395.00 489.00
	2817.00 1139.00
	2817.00 1959.00
	2395.00 2609.00
	1761.00 3271.00
	0.00 3098.00
	-0.00 0.00
	1761.00 -173.00
part 4
number of vertices# 
10
vertices (x,y)#
	1761.00 -173.00
	2183.00 477.00
	2183.00 2621.00
	1761.00 3271.00
	1559.00 3509.00
	-202.00 3336.00
	-1219.00 3194.00
	-1219.00 -96.00
	-202.00 -238.00
	1559.00 -411.00
part 5
number of vertices# 
8
vertices (x,y)#
	542.00 -269.00
	964.00 381.00
	964.00 2717.00
	542.00 3367.00
	-424.00 3423.00
	-2185.00 3250.00
	-2185.00 -152.00
	-424.00 -325.00
