Number of parts# 
 3
part 1
number of vertices# 
11
vertices (x,y)#
	1761.00 -173.00
	2183.00 477.00
	2183.00 837.00
	1761.00 1487.00
	-738.00 1487.00
	-2499.00 1314.00
	-2705.00 927.00
	-2705.00 -387.00
	-2622.00 -934.00
	-861.00 -1107.00
	-387.00 -1140.00
part 2
number of vertices# 
10
vertices (x,y)#
	700.00 -1232.00
	1761.00 -173.00
	2183.00 477.00
	2183.00 837.00
	1761.00 1487.00
	0.00 1314.00
	-2148.00 347.00
	-2148.00 -967.00
	-1920.00 -1152.00
	-159.00 -1325.00
part 3
number of vertices# 
8
vertices (x,y)#
	2183.00 -648.00
	2183.00 837.00
	1761.00 1487.00
	0.00 1314.00
	-1061.00 255.00
	-1061.00 -1059.00
	700.00 -1232.00
	1761.00 -1298.00
