Number of parts# 
 3
part 1
number of vertices# 
10
vertices (x,y)#
	-311.00 -1617.00
	389.00 -1535.00
	389.00 -221.00
	0.00 0.00
	-411.00 65.00
	-2172.00 238.00
	-2594.00 -412.00
	-2594.00 -772.00
	-2494.00 -1140.00
	-2072.00 -1790.00
part 2
number of vertices# 
11
vertices (x,y)#
	1089.00 -1635.00
	1089.00 -321.00
	778.00 0.00
	389.00 65.00
	-1372.00 238.00
	-1761.00 173.00
	-2183.00 -477.00
	-2183.00 -837.00
	-1761.00 -1487.00
	-1372.00 -1708.00
	-672.00 -1808.00
part 3
number of vertices# 
9
vertices (x,y)#
	1089.00 -1635.00
	1189.00 -1249.00
	1189.00 65.00
	-572.00 238.00
	-983.00 173.00
	-1405.00 -477.00
	-1405.00 -837.00
	-983.00 -1487.00
	-672.00 -1808.00
