Number of parts# 
 3
part 1
number of vertices# 
11
vertices (x,y)#
	3947.00 -1251.00
	4369.00 -601.00
	4369.00 -241.00
	3947.00 409.00
	1761.00 1487.00
	1374.00 1534.00
	-387.00 1361.00
	-490.00 676.00
	-490.00 -638.00
	-408.00 -1078.00
	1353.00 -1251.00
part 2
number of vertices# 
10
vertices (x,y)#
	4369.00 -601.00
	4369.00 -241.00
	3947.00 409.00
	2881.00 1632.00
	2056.00 1775.00
	295.00 1602.00
	-0.00 1314.00
	-0.00 0.00
	2186.00 -1078.00
	3947.00 -1251.00
part 3
number of vertices# 
9
vertices (x,y)#
	4369.00 -601.00
	4369.00 -241.00
	4313.00 1052.00
	3891.00 1702.00
	2881.00 1632.00
	1120.00 1459.00
	1120.00 145.00
	2186.00 -1078.00
	3947.00 -1251.00
