Number of parts# 
 5
part 1
number of vertices# 
10
vertices (x,y)#
	549.00 -1335.00
	815.00 -785.00
	815.00 529.00
	634.00 662.00
	-1127.00 835.00
	-1761.00 173.00
	-2183.00 -477.00
	-2183.00 -837.00
	-1761.00 -1487.00
	-1212.00 -1508.00
part 2
number of vertices# 
10
vertices (x,y)#
	634.00 -192.00
	815.00 -59.00
	815.00 1255.00
	549.00 1805.00
	-1212.00 1978.00
	-1761.00 1957.00
	-2183.00 1307.00
	-2183.00 947.00
	-1761.00 297.00
	-1127.00 -365.00
part 3
number of vertices# 
8
vertices (x,y)#
	-0.00 -1314.00
	634.00 -652.00
	634.00 1122.00
	0.00 1784.00
	-1761.00 1957.00
	-2183.00 1307.00
	-2183.00 -837.00
	-1761.00 -1487.00
part 4
number of vertices# 
10
vertices (x,y)#
	-202.00 -1552.00
	-0.00 -1314.00
	0.00 1784.00
	-202.00 2022.00
	-1963.00 2195.00
	-2980.00 2053.00
	-3402.00 1403.00
	-3402.00 -933.00
	-2980.00 -1583.00
	-1963.00 -1725.00
part 5
number of vertices# 
8
vertices (x,y)#
	-2980.00 -1583.00
	-1219.00 -1410.00
	-1219.00 1880.00
	-2980.00 2053.00
	-3946.00 2109.00
	-4368.00 1459.00
	-4368.00 -989.00
	-3946.00 -1639.00
