Number of parts# 
 3
part 1
number of vertices# 
11
vertices (x,y)#
	4260.00 -173.00
	4682.00 477.00
	4888.00 864.00
	4888.00 1224.00
	4805.00 1771.00
	4383.00 2421.00
	3909.00 2454.00
	2148.00 2281.00
	0.00 1314.00
	0.00 -0.00
	1761.00 -173.00
part 2
number of vertices# 
10
vertices (x,y)#
	3909.00 794.00
	4331.00 1444.00
	4331.00 1804.00
	3909.00 2454.00
	3681.00 2639.00
	1920.00 2466.00
	1061.00 2373.00
	-0.00 1314.00
	-0.00 0.00
	1761.00 -173.00
part 3
number of vertices# 
8
vertices (x,y)#
	2822.00 886.00
	3244.00 1536.00
	3244.00 1896.00
	2822.00 2546.00
	1761.00 2612.00
	0.00 2439.00
	-0.00 0.00
	1761.00 -173.00
