Number of parts# 
 3
part 1
number of vertices# 
10
vertices (x,y)#
	2150.00 -394.00
	2572.00 256.00
	2572.00 616.00
	2150.00 1266.00
	1761.00 1487.00
	1350.00 1552.00
	-411.00 1379.00
	-411.00 65.00
	-311.00 -303.00
	1450.00 -476.00
part 2
number of vertices# 
11
vertices (x,y)#
	3272.00 156.00
	3272.00 516.00
	2850.00 1166.00
	2539.00 1487.00
	2150.00 1552.00
	389.00 1379.00
	0.00 1314.00
	-0.00 -0.00
	389.00 -221.00
	1089.00 -321.00
	2850.00 -494.00
part 3
number of vertices# 
9
vertices (x,y)#
	3272.00 156.00
	3372.00 542.00
	3372.00 902.00
	2950.00 1552.00
	1189.00 1379.00
	778.00 1314.00
	778.00 -0.00
	1089.00 -321.00
	2850.00 -494.00
