Number of parts# 
 3
part 1
number of vertices# 
11
vertices (x,y)#
	2570.00 430.00
	2673.00 1115.00
	2673.00 1475.00
	2591.00 1915.00
	2169.00 2565.00
	-425.00 2565.00
	-2186.00 2392.00
	-2186.00 1078.00
	0.00 0.00
	387.00 -47.00
	2148.00 -220.00
part 2
number of vertices# 
10
vertices (x,y)#
	1761.00 -173.00
	2183.00 477.00
	2183.00 837.00
	1761.00 1487.00
	-425.00 2565.00
	-2186.00 2392.00
	-2186.00 1078.00
	-1120.00 -145.00
	-295.00 -288.00
	1466.00 -461.00
part 3
number of vertices# 
9
vertices (x,y)#
	641.00 -318.00
	1063.00 332.00
	1063.00 692.00
	641.00 1342.00
	-425.00 2565.00
	-2186.00 2392.00
	-2186.00 1078.00
	-2130.00 -215.00
	-369.00 -388.00
