Number of parts# 
 3
part 1
number of vertices# 
8
vertices (x,y)#
	-6.00 -12.00
	4.00 -11.00
	6.00 -10.00
	4.00 -2.00
	-4.00 2.00
	-14.00 -3.00
	-16.00 -11.00
	-14.00 -12.00
part 2
number of vertices# 
12
vertices (x,y)#
	-15.00 -31.00
	-13.00 -30.00
	16.00 -13.00
	14.00 -5.00
	10.00 -3.00
	0.00 0.00
	-10.00 -1.00
	-19.00 -4.00
	-23.00 -6.00
	-25.00 -14.00
	-25.00 -30.00
	-23.00 -31.00
part 3
number of vertices# 
10
vertices (x,y)#
	41.00 -31.00
	43.00 -30.00
	43.00 -16.00
	41.00 -8.00
	37.00 -6.00
	10.00 -3.00
	6.00 -5.00
	-23.00 -22.00
	-25.00 -30.00
	-23.00 -31.00
