Number of parts# 
 4
part 1
number of vertices# 
9
vertices (x,y)#
	0.00 0.00
	2.00 1.00
	3.00 6.00
	0.00 9.00
	-4.00 9.00
	-14.00 6.00
	-15.00 5.00
	-14.00 0.00
	-12.00 -1.00
part 2
number of vertices# 
12
vertices (x,y)#
	8.00 -14.00
	10.00 -13.00
	11.00 -8.00
	11.00 -3.00
	10.00 -2.00
	-19.00 5.00
	-23.00 5.00
	-49.00 4.00
	-50.00 3.00
	-50.00 -8.00
	-49.00 -13.00
	-47.00 -14.00
part 3
number of vertices# 
13
vertices (x,y)#
	10.00 -8.00
	12.00 -5.00
	14.00 0.00
	15.00 5.00
	14.00 6.00
	2.00 7.00
	-2.00 7.00
	-14.00 6.00
	-23.00 5.00
	-24.00 4.00
	-23.00 -1.00
	-21.00 -2.00
	8.00 -9.00
part 4
number of vertices# 
10
vertices (x,y)#
	12.00 -6.00
	14.00 -5.00
	15.00 0.00
	15.00 5.00
	14.00 6.00
	10.00 6.00
	9.00 5.00
	7.00 0.00
	8.00 -5.00
	10.00 -6.00
