Number of parts# 
 3
part 1
number of vertices# 
10
vertices (x,y)#
	0.00 0.00
	2.00 1.00
	3.00 6.00
	2.00 7.00
	-2.00 9.00
	-6.00 9.00
	-12.00 6.00
	-13.00 5.00
	-12.00 0.00
	-10.00 -1.00
part 2
number of vertices# 
12
vertices (x,y)#
	-17.00 -19.00
	12.00 -2.00
	13.00 3.00
	12.00 4.00
	2.00 7.00
	-2.00 7.00
	-12.00 6.00
	-21.00 3.00
	-22.00 2.00
	-22.00 -14.00
	-21.00 -19.00
	-19.00 -20.00
part 3
number of vertices# 
11
vertices (x,y)#
	37.00 -20.00
	39.00 -19.00
	40.00 -14.00
	40.00 0.00
	39.00 1.00
	12.00 4.00
	8.00 4.00
	-21.00 -13.00
	-22.00 -14.00
	-21.00 -19.00
	-19.00 -20.00
