Number of parts# 
 3
part 1
number of vertices# 
8
vertices (x,y)#
	0.00 0.00
	4.00 2.00
	6.00 10.00
	0.00 13.00
	-8.00 13.00
	-16.00 9.00
	-14.00 1.00
	-10.00 -1.00
part 2
number of vertices# 
12
vertices (x,y)#
	-15.00 -18.00
	14.00 -1.00
	16.00 7.00
	14.00 8.00
	4.00 11.00
	-4.00 11.00
	-14.00 10.00
	-23.00 7.00
	-25.00 6.00
	-25.00 -10.00
	-23.00 -18.00
	-19.00 -20.00
part 3
number of vertices# 
11
vertices (x,y)#
	37.00 -20.00
	41.00 -18.00
	43.00 -10.00
	43.00 4.00
	41.00 5.00
	14.00 8.00
	6.00 8.00
	4.00 7.00
	-25.00 -10.00
	-23.00 -18.00
	-19.00 -20.00
