Number of parts# 
 4
part 1
number of vertices# 
10
vertices (x,y)#
	12.00 1.00
	16.00 3.00
	18.00 11.00
	16.00 12.00
	8.00 12.00
	-4.00 11.00
	-6.00 10.00
	-4.00 2.00
	-2.00 0.00
	2.00 -2.00
part 2
number of vertices# 
11
vertices (x,y)#
	47.00 3.00
	51.00 5.00
	53.00 13.00
	53.00 24.00
	51.00 25.00
	-12.00 25.00
	-14.00 24.00
	-14.00 19.00
	-12.00 11.00
	-8.00 9.00
	21.00 2.00
part 3
number of vertices# 
13
vertices (x,y)#
	12.00 1.00
	21.00 2.00
	25.00 4.00
	27.00 12.00
	25.00 13.00
	-4.00 20.00
	-12.00 20.00
	-14.00 19.00
	-16.00 16.00
	-18.00 11.00
	-16.00 3.00
	-12.00 1.00
	0.00 -0.00
part 4
number of vertices# 
9
vertices (x,y)#
	-8.00 3.00
	-6.00 8.00
	-4.00 16.00
	-6.00 17.00
	-16.00 17.00
	-18.00 16.00
	-18.00 11.00
	-16.00 3.00
	-12.00 1.00
