Number of parts# 
 4
part 1
number of vertices# 
10
vertices (x,y)#
	12.00 1.00
	14.00 2.00
	15.00 7.00
	14.00 8.00
	10.00 8.00
	-2.00 7.00
	-3.00 6.00
	-2.00 1.00
	-0.00 -1.00
	2.00 -2.00
part 2
number of vertices# 
11
vertices (x,y)#
	47.00 3.00
	49.00 4.00
	50.00 9.00
	50.00 20.00
	49.00 21.00
	-10.00 21.00
	-11.00 20.00
	-11.00 15.00
	-10.00 10.00
	-8.00 9.00
	21.00 2.00
part 3
number of vertices# 
13
vertices (x,y)#
	12.00 1.00
	21.00 2.00
	23.00 3.00
	24.00 8.00
	23.00 9.00
	-6.00 16.00
	-10.00 16.00
	-11.00 15.00
	-13.00 12.00
	-15.00 7.00
	-14.00 2.00
	-12.00 1.00
	0.00 -0.00
part 4
number of vertices# 
9
vertices (x,y)#
	-10.00 2.00
	-8.00 7.00
	-7.00 12.00
	-8.00 13.00
	-14.00 13.00
	-15.00 12.00
	-15.00 7.00
	-14.00 2.00
	-12.00 1.00
