Number of parts# 
 4
part 1
number of vertices# 
10
vertices (x,y)#
	0.00 0.00
	4.00 2.00
	6.00 10.00
	4.00 12.00
	2.00 13.00
	-6.00 13.00
	-16.00 10.00
	-18.00 9.00
	-16.00 1.00
	-12.00 -1.00
part 2
number of vertices# 
12
vertices (x,y)#
	8.00 -14.00
	12.00 -12.00
	14.00 -4.00
	14.00 1.00
	12.00 2.00
	-17.00 9.00
	-25.00 9.00
	-51.00 8.00
	-53.00 7.00
	-53.00 -4.00
	-51.00 -12.00
	-47.00 -14.00
part 3
number of vertices# 
13
vertices (x,y)#
	12.00 -7.00
	14.00 -4.00
	16.00 1.00
	18.00 9.00
	16.00 10.00
	4.00 11.00
	-4.00 11.00
	-16.00 10.00
	-25.00 9.00
	-27.00 8.00
	-25.00 0.00
	-21.00 -2.00
	8.00 -9.00
part 4
number of vertices# 
10
vertices (x,y)#
	12.00 -6.00
	16.00 -4.00
	18.00 4.00
	18.00 9.00
	16.00 10.00
	8.00 10.00
	6.00 9.00
	4.00 4.00
	6.00 -4.00
	10.00 -6.00
