Number of parts# 
 3
part 1
number of vertices# 
8
vertices (x,y)#
	-8.00 -8.00
	2.00 -7.00
	3.00 -6.00
	2.00 -1.00
	-4.00 2.00
	-12.00 -2.00
	-13.00 -7.00
	-12.00 -8.00
part 2
number of vertices# 
12
vertices (x,y)#
	-17.00 -27.00
	12.00 -10.00
	13.00 -9.00
	12.00 -4.00
	10.00 -3.00
	0.00 0.00
	-10.00 -1.00
	-19.00 -4.00
	-21.00 -5.00
	-22.00 -10.00
	-22.00 -26.00
	-21.00 -27.00
part 3
number of vertices# 
10
vertices (x,y)#
	39.00 -27.00
	40.00 -26.00
	40.00 -12.00
	39.00 -7.00
	37.00 -6.00
	10.00 -3.00
	8.00 -4.00
	-21.00 -21.00
	-22.00 -26.00
	-21.00 -27.00
