Number of parts# 
 3
part 1
number of vertices# 
9
vertices (x,y)#
	4.00 -16.00
	6.00 -15.00
	8.00 -8.00
	7.00 -5.00
	5.00 -1.00
	0.00 0.00
	-2.00 -3.00
	-1.00 -13.00
	1.00 -16.00
part 2
number of vertices# 
10
vertices (x,y)#
	6.00 -21.00
	9.00 -19.00
	11.00 -12.00
	9.00 -8.00
	5.00 -6.00
	-0.00 -5.00
	-2.00 -7.00
	-1.00 -17.00
	1.00 -20.00
	4.00 -22.00
part 3
number of vertices# 
10
vertices (x,y)#
	3.00 -19.00
	5.00 -17.00
	7.00 -10.00
	7.00 -8.00
	5.00 -4.00
	-0.00 -3.00
	-2.00 -3.00
	-2.00 -7.00
	-1.00 -17.00
	1.00 -20.00
