Number of parts# 
 6
part 1
number of vertices# 
6
vertices (x,y)#
	0.00 0.00
	0.00 3.00
	-1.00 4.00
	-5.00 3.00
	-7.00 2.00
	-2.00 0.00
part 2
number of vertices# 
10
vertices (x,y)#
	0.00 -3.00
	1.00 -1.00
	1.00 -0.00
	0.00 1.00
	-5.00 3.00
	-8.00 4.00
	-11.00 3.00
	-13.00 2.00
	-14.00 0.00
	-13.00 -3.00
part 3
number of vertices# 
9
vertices (x,y)#
	-4.00 -7.00
	-4.00 -5.00
	-5.00 2.00
	-6.00 3.00
	-9.00 4.00
	-13.00 3.00
	-14.00 -2.00
	-13.00 -6.00
	-8.00 -8.00
part 4
number of vertices# 
12
vertices (x,y)#
	-8.00 -11.00
	-4.00 -10.00
	-3.00 -8.00
	-4.00 -1.00
	-5.00 0.00
	-10.00 2.00
	-16.00 4.00
	-19.00 3.00
	-20.00 1.00
	-21.00 -4.00
	-20.00 -8.00
	-19.00 -11.00
part 5
number of vertices# 
7
vertices (x,y)#
	3.00 -7.00
	3.00 2.00
	2.00 3.00
	-6.00 3.00
	-10.00 2.00
	-9.00 -5.00
	-4.00 -7.00
part 6
number of vertices# 
11
vertices (x,y)#
	3.00 -10.00
	4.00 -8.00
	4.00 -1.00
	3.00 0.00
	-2.00 2.00
	-5.00 3.00
	-13.00 3.00
	-16.00 2.00
	-17.00 0.00
	-16.00 -7.00
	-15.00 -10.00
