Number of parts# 
 6
part 1
number of vertices# 
8
vertices (x,y)#
	12.00 -8.00
	13.00 -6.00
	13.00 -5.00
	8.00 -3.00
	0.00 0.00
	-0.00 -6.00
	1.00 -7.00
	8.00 -9.00
part 2
number of vertices# 
8
vertices (x,y)#
	13.00 -5.00
	14.00 -4.00
	13.00 -3.00
	8.00 -1.00
	0.00 0.00
	-0.00 -2.00
	1.00 -3.00
	9.00 -6.00
part 3
number of vertices# 
7
vertices (x,y)#
	13.00 -3.00
	12.00 -1.00
	7.00 1.00
	0.00 0.00
	-0.00 -2.00
	1.00 -3.00
	9.00 -4.00
part 4
number of vertices# 
12
vertices (x,y)#
	18.00 -8.00
	20.00 -4.00
	20.00 -3.00
	19.00 0.00
	11.00 3.00
	0.00 3.00
	-1.00 1.00
	-1.00 -3.00
	-0.00 -4.00
	5.00 -6.00
	8.00 -7.00
	15.00 -9.00
part 5
number of vertices# 
12
vertices (x,y)#
	19.00 -5.00
	20.00 -4.00
	21.00 -2.00
	20.00 1.00
	19.00 2.00
	11.00 3.00
	0.00 3.00
	-1.00 1.00
	-0.00 0.00
	5.00 -2.00
	13.00 -5.00
	16.00 -6.00
part 6
number of vertices# 
11
vertices (x,y)#
	19.00 -3.00
	20.00 -1.00
	19.00 2.00
	18.00 4.00
	7.00 4.00
	0.00 3.00
	-1.00 1.00
	-0.00 -0.00
	5.00 -2.00
	8.00 -3.00
	16.00 -4.00
