Number of parts# 
 3
part 1
number of vertices# 
9
vertices (x,y)#
	10.00 1.00
	13.00 3.00
	15.00 6.00
	14.00 8.00
	7.00 10.00
	4.00 10.00
	0.00 8.00
	-1.00 3.00
	-0.00 0.00
part 2
number of vertices# 
10
vertices (x,y)#
	10.00 6.00
	13.00 8.00
	15.00 10.00
	14.00 12.00
	11.00 14.00
	4.00 16.00
	0.00 14.00
	-3.00 12.00
	-4.00 7.00
	0.00 5.00
part 3
number of vertices# 
10
vertices (x,y)#
	2.00 3.00
	12.00 4.00
	15.00 6.00
	15.00 10.00
	14.00 12.00
	7.00 14.00
	3.00 12.00
	1.00 10.00
	-0.00 5.00
	-0.00 3.00
