Number of parts# 
 3
part 1
number of vertices# 
9
vertices (x,y)#
	4.00 -7.00
	8.00 -5.00
	9.00 -0.00
	9.00 4.00
	8.00 7.00
	3.00 4.00
	-0.00 -0.00
	-2.00 -3.00
	1.00 -7.00
part 2
number of vertices# 
10
vertices (x,y)#
	8.00 -11.00
	11.00 -9.00
	12.00 -4.00
	12.00 0.00
	8.00 2.00
	3.00 -1.00
	1.00 -3.00
	-2.00 -7.00
	1.00 -11.00
	4.00 -13.00
part 3
number of vertices# 
9
vertices (x,y)#
	5.00 -9.00
	7.00 -7.00
	8.00 -2.00
	8.00 4.00
	6.00 4.00
	1.00 1.00
	-2.00 -3.00
	-2.00 -7.00
	1.00 -11.00
