Number of parts# 
 3
part 1
number of vertices# 
8
vertices (x,y)#
	8.00 -11.00
	7.00 -8.00
	4.00 -3.00
	-0.00 0.00
	-4.00 -3.00
	-6.00 -6.00
	-4.00 -10.00
	1.00 -11.00
part 2
number of vertices# 
10
vertices (x,y)#
	8.00 -17.00
	11.00 -15.00
	8.00 -10.00
	4.00 -7.00
	-0.00 -5.00
	-4.00 -8.00
	-6.00 -10.00
	-4.00 -14.00
	-1.00 -16.00
	4.00 -17.00
part 3
number of vertices# 
10
vertices (x,y)#
	5.00 -15.00
	7.00 -13.00
	7.00 -11.00
	4.00 -6.00
	-0.00 -3.00
	-2.00 -3.00
	-6.00 -6.00
	-6.00 -10.00
	-4.00 -14.00
	1.00 -15.00
