Number of parts# 
 3
part 1
number of vertices# 
9
vertices (x,y)#
	8.00 -14.00
	10.00 -7.00
	10.00 -4.00
	8.00 0.00
	3.00 1.00
	0.00 0.00
	1.00 -10.00
	3.00 -13.00
	6.00 -15.00
part 2
number of vertices# 
10
vertices (x,y)#
	12.00 -14.00
	14.00 -11.00
	16.00 -4.00
	14.00 0.00
	12.00 3.00
	7.00 4.00
	5.00 0.00
	6.00 -10.00
	8.00 -13.00
	10.00 -15.00
part 3
number of vertices# 
10
vertices (x,y)#
	10.00 -15.00
	12.00 -14.00
	14.00 -7.00
	12.00 -3.00
	10.00 -1.00
	5.00 0.00
	3.00 0.00
	3.00 -2.00
	4.00 -12.00
	6.00 -15.00
