Number of parts# 
 3
part 1
number of vertices# 
10
vertices (x,y)#
	4.00 -11.00
	7.00 -8.00
	8.00 -5.00
	5.00 0.00
	1.00 3.00
	-3.00 0.00
	-5.00 -2.00
	-7.00 -6.00
	-5.00 -10.00
	0.00 -11.00
part 2
number of vertices# 
9
vertices (x,y)#
	1.00 -14.00
	4.00 -11.00
	1.00 -6.00
	-1.00 -4.00
	-5.00 -1.00
	-9.00 -4.00
	-10.00 -9.00
	-8.00 -13.00
	-3.00 -14.00
part 3
number of vertices# 
9
vertices (x,y)#
	1.00 -14.00
	9.00 -12.00
	7.00 -8.00
	4.00 -3.00
	0.00 0.00
	-4.00 -3.00
	-10.00 -9.00
	-8.00 -13.00
	-3.00 -14.00
