Number of parts# 
 3
part 1
number of vertices# 
9
vertices (x,y)#
	-7.00 -10.00
	-2.00 -7.00
	1.00 -3.00
	0.00 0.00
	-3.00 4.00
	-7.00 2.00
	-9.00 -1.00
	-10.00 -6.00
	-10.00 -10.00
part 2
number of vertices# 
10
vertices (x,y)#
	-2.00 -13.00
	1.00 -11.00
	4.00 -7.00
	1.00 -3.00
	-3.00 -1.00
	-7.00 -3.00
	-9.00 -5.00
	-10.00 -10.00
	-10.00 -14.00
	-7.00 -16.00
part 3
number of vertices# 
9
vertices (x,y)#
	-5.00 -11.00
	-3.00 -9.00
	-0.00 -5.00
	-0.00 -3.00
	-3.00 1.00
	-5.00 1.00
	-9.00 -1.00
	-10.00 -6.00
	-10.00 -14.00
