Number of parts# 
 3
part 1
number of vertices# 
10
vertices (x,y)#
	2.00 9.00
	0.00 12.00
	-2.00 14.00
	-6.00 16.00
	-8.00 15.00
	-10.00 8.00
	-8.00 4.00
	-5.00 1.00
	-2.00 -0.00
	3.00 -1.00
part 2
number of vertices# 
9
vertices (x,y)#
	-1.00 5.00
	-2.00 15.00
	-4.00 18.00
	-9.00 19.00
	-11.00 18.00
	-13.00 11.00
	-11.00 7.00
	-8.00 4.00
	-3.00 3.00
part 3
number of vertices# 
9
vertices (x,y)#
	0.00 0.00
	-1.00 10.00
	-3.00 13.00
	-9.00 19.00
	-11.00 18.00
	-13.00 11.00
	-11.00 3.00
	-9.00 -1.00
	-4.00 -2.00
