Number of parts# 
 5
part 1
number of vertices# 
10
vertices (x,y)#
	3.00 -38.00
	6.00 -37.00
	11.00 -27.00
	11.00 -21.00
	5.00 -1.00
	2.00 1.00
	-0.00 0.00
	-1.00 -6.00
	-0.00 -35.00
	2.00 -38.00
part 2
number of vertices# 
10
vertices (x,y)#
	6.00 -36.00
	7.00 -35.00
	14.00 -21.00
	8.00 -1.00
	5.00 1.00
	2.00 1.00
	0.00 0.00
	-0.00 -5.00
	1.00 -34.00
	3.00 -37.00
part 3
number of vertices# 
10
vertices (x,y)#
	5.00 -36.00
	8.00 -35.00
	13.00 -25.00
	14.00 -21.00
	8.00 -1.00
	5.00 1.00
	3.00 0.00
	1.00 -4.00
	2.00 -33.00
	4.00 -36.00
part 4
number of vertices# 
10
vertices (x,y)#
	7.00 -38.00
	10.00 -37.00
	15.00 -27.00
	9.00 -7.00
	8.00 -6.00
	5.00 -4.00
	3.00 -5.00
	3.00 -6.00
	4.00 -35.00
	6.00 -38.00
part 5
number of vertices# 
10
vertices (x,y)#
	10.00 -37.00
	15.00 -27.00
	14.00 -21.00
	8.00 -1.00
	5.00 1.00
	3.00 0.00
	2.00 -4.00
	3.00 -33.00
	5.00 -36.00
	7.00 -38.00
