Number of parts# 
 5
part 1
number of vertices# 
10
vertices (x,y)#
	-2.00 -7.00
	-0.00 -6.00
	-0.00 0.00
	-1.00 29.00
	-3.00 32.00
	-6.00 31.00
	-11.00 21.00
	-12.00 15.00
	-6.00 -5.00
	-3.00 -7.00
part 2
number of vertices# 
11
vertices (x,y)#
	-0.00 -5.00
	1.00 -4.00
	3.00 -0.00
	2.00 29.00
	0.00 32.00
	-3.00 32.00
	-6.00 31.00
	-11.00 21.00
	-11.00 16.00
	-5.00 -4.00
	-2.00 -6.00
part 3
number of vertices# 
9
vertices (x,y)#
	-0.00 -5.00
	2.00 -4.00
	3.00 0.00
	2.00 29.00
	0.00 32.00
	-3.00 31.00
	-10.00 17.00
	-4.00 -3.00
	-1.00 -5.00
part 4
number of vertices# 
10
vertices (x,y)#
	2.00 -7.00
	4.00 -6.00
	3.00 23.00
	1.00 26.00
	-0.00 27.00
	-3.00 26.00
	-8.00 16.00
	-8.00 15.00
	-2.00 -5.00
	1.00 -7.00
part 5
number of vertices# 
10
vertices (x,y)#
	4.00 -6.00
	3.00 23.00
	2.00 29.00
	0.00 32.00
	-3.00 31.00
	-8.00 21.00
	-9.00 17.00
	-3.00 -3.00
	-1.00 -5.00
	2.00 -7.00
