Number of parts# 
 3
part 1
number of vertices# 
11
vertices (x,y)#
	6.00 -42.00
	11.00 -32.00
	11.00 -20.00
	5.00 0.00
	2.00 2.00
	-2.00 2.00
	-4.00 1.00
	-4.00 -1.00
	-3.00 -30.00
	1.00 -40.00
	3.00 -43.00
part 2
number of vertices# 
11
vertices (x,y)#
	6.00 -43.00
	9.00 -42.00
	14.00 -32.00
	12.00 -21.00
	6.00 -1.00
	3.00 1.00
	2.00 1.00
	0.00 0.00
	-0.00 -11.00
	1.00 -40.00
	3.00 -43.00
part 3
number of vertices# 
11
vertices (x,y)#
	9.00 -42.00
	14.00 -32.00
	16.00 -20.00
	10.00 0.00
	7.00 2.00
	3.00 2.00
	1.00 1.00
	1.00 0.00
	2.00 -29.00
	4.00 -40.00
	6.00 -43.00
