Number of parts# 
 3
part 1
number of vertices# 
11
vertices (x,y)#
	7.00 -33.00
	10.00 -32.00
	15.00 -22.00
	15.00 -20.00
	9.00 0.00
	5.00 10.00
	2.00 12.00
	0.00 11.00
	0.00 -1.00
	1.00 -30.00
	3.00 -33.00
part 2
number of vertices# 
11
vertices (x,y)#
	3.00 -32.00
	6.00 -31.00
	11.00 -21.00
	11.00 -10.00
	5.00 10.00
	2.00 12.00
	-1.00 12.00
	-3.00 11.00
	-2.00 -18.00
	0.00 -29.00
	2.00 -32.00
part 3
number of vertices# 
11
vertices (x,y)#
	2.00 -33.00
	5.00 -32.00
	10.00 -22.00
	10.00 -21.00
	8.00 -10.00
	2.00 10.00
	-1.00 12.00
	-3.00 11.00
	-5.00 -1.00
	-4.00 -30.00
	-2.00 -33.00
