Number of parts# 
 5
part 1
number of vertices# 
9
vertices (x,y)#
	0.00 -6.00
	2.00 0.00
	2.00 18.00
	0.00 24.00
	-7.00 24.00
	-9.00 18.00
	-10.00 12.00
	-10.00 0.00
	-8.00 -6.00
part 2
number of vertices# 
10
vertices (x,y)#
	0.00 -5.00
	1.00 -4.00
	3.00 0.00
	5.00 6.00
	5.00 18.00
	3.00 24.00
	-7.00 24.00
	-9.00 18.00
	-9.00 1.00
	-7.00 -5.00
part 3
number of vertices# 
10
vertices (x,y)#
	2.00 -4.00
	4.00 2.00
	5.00 6.00
	5.00 18.00
	3.00 24.00
	-4.00 24.00
	-6.00 20.00
	-8.00 14.00
	-8.00 2.00
	-6.00 -4.00
part 4
number of vertices# 
9
vertices (x,y)#
	4.00 -6.00
	6.00 0.00
	6.00 12.00
	4.00 18.00
	3.00 19.00
	-4.00 19.00
	-6.00 13.00
	-6.00 0.00
	-4.00 -6.00
part 5
number of vertices# 
11
vertices (x,y)#
	4.00 -6.00
	6.00 0.00
	6.00 12.00
	5.00 18.00
	3.00 24.00
	-4.00 24.00
	-6.00 18.00
	-7.00 14.00
	-7.00 2.00
	-5.00 -4.00
	-3.00 -6.00
