Number of parts# 
 3
part 1
number of vertices# 
9
vertices (x,y)#
	7.00 -35.00
	9.00 -29.00
	9.00 -5.00
	7.00 1.00
	-4.00 1.00
	-6.00 -5.00
	-6.00 -19.00
	-4.00 -25.00
	0.00 -35.00
part 2
number of vertices# 
9
vertices (x,y)#
	10.00 -35.00
	12.00 -29.00
	12.00 -17.00
	10.00 -6.00
	8.00 0.00
	0.00 0.00
	-2.00 -6.00
	-2.00 -29.00
	0.00 -35.00
part 3
number of vertices# 
10
vertices (x,y)#
	10.00 -35.00
	12.00 -29.00
	14.00 -17.00
	14.00 -5.00
	12.00 1.00
	1.00 1.00
	-1.00 -5.00
	-1.00 -18.00
	1.00 -29.00
	3.00 -35.00
