Number of parts# 
 5
part 1
number of vertices# 
9
vertices (x,y)#
	7.00 -30.00
	9.00 -24.00
	9.00 -6.00
	7.00 0.00
	0.00 0.00
	-2.00 -6.00
	-3.00 -12.00
	-3.00 -24.00
	-1.00 -30.00
part 2
number of vertices# 
10
vertices (x,y)#
	7.00 -29.00
	8.00 -28.00
	10.00 -24.00
	12.00 -18.00
	12.00 -6.00
	10.00 0.00
	0.00 0.00
	-2.00 -6.00
	-2.00 -23.00
	0.00 -29.00
part 3
number of vertices# 
10
vertices (x,y)#
	9.00 -28.00
	11.00 -22.00
	12.00 -18.00
	12.00 -6.00
	10.00 0.00
	3.00 0.00
	1.00 -4.00
	-1.00 -10.00
	-1.00 -22.00
	1.00 -28.00
part 4
number of vertices# 
9
vertices (x,y)#
	11.00 -30.00
	13.00 -24.00
	13.00 -12.00
	11.00 -6.00
	10.00 -5.00
	3.00 -5.00
	1.00 -11.00
	1.00 -24.00
	3.00 -30.00
part 5
number of vertices# 
11
vertices (x,y)#
	11.00 -30.00
	13.00 -24.00
	13.00 -12.00
	12.00 -6.00
	10.00 0.00
	3.00 0.00
	1.00 -6.00
	0.00 -10.00
	0.00 -22.00
	2.00 -28.00
	4.00 -30.00
