Number of parts# 
 3
part 1
number of vertices# 
10
vertices (x,y)#
	-4.00 -8.00
	-1.00 -5.00
	-0.00 -2.00
	1.00 3.00
	-9.00 2.00
	-12.00 0.00
	-14.00 -2.00
	-16.00 -6.00
	-15.00 -8.00
	-8.00 -10.00
part 2
number of vertices# 
9
vertices (x,y)#
	-7.00 -11.00
	-4.00 -8.00
	-3.00 -3.00
	-5.00 -1.00
	-15.00 -2.00
	-18.00 -4.00
	-19.00 -9.00
	-18.00 -11.00
	-11.00 -13.00
part 3
number of vertices# 
9
vertices (x,y)#
	-3.00 -11.00
	1.00 -9.00
	2.00 -4.00
	-0.00 0.00
	-10.00 -1.00
	-13.00 -3.00
	-19.00 -9.00
	-18.00 -11.00
	-11.00 -13.00
